Type, Id paq, time stamp segundos, micro, long paq 
S, 0, 1615894809, 577737, 10
D, 0, 1615894809, 703558, 10 
R, 0, 1615894809 , 718758, 4 
S, 1, 1615894810, 528441, 10
D, 1, 1615894810, 653511, 10 
R, 1, 1615894810 , 668343, 4 
S, 2, 1615894811, 479112, 10
D, 2, 1615894811, 613470, 10 
R, 2, 1615894811 , 629091, 4 
S, 3, 1615894812, 429768, 10
D, 3, 1615894812, 553440, 10 
R, 3, 1615894812 , 569739, 4 
S, 4, 1615894813, 380402, 10
D, 4, 1615894813, 523474, 10 
R, 4, 1615894813 , 547240, 4 
S, 5, 1615894814, 331072, 10
D, 5, 1615894814, 453445, 10 
R, 5, 1615894814 , 469256, 4 
S, 6, 1615894815, 281788, 10
D, 6, 1615894815, 413596, 10 
R, 6, 1615894815 , 429312, 4 
S, 7, 1615894816, 232475, 10
D, 7, 1615894816, 353464, 10 
R, 7, 1615894816 , 368669, 4 
S, 8, 1615894817, 183188, 10
D, 8, 1615894817, 313439, 10 
R, 8, 1615894817 , 329324, 4 
S, 9, 1615894818, 133845, 10
D, 9, 1615894818, 263462, 10 
R, 9, 1615894818 , 277746, 4 
S, 10, 1615894819, 84517, 10
D, 10, 1615894819, 213453, 10 
R, 10, 1615894819 , 228703, 4 
S, 11, 1615894820, 35265, 10
D, 11, 1615894820, 153466, 10 
R, 11, 1615894820 , 168067, 4 
S, 12, 1615894820, 985977, 10
D, 12, 1615894821, 113449, 10 
R, 12, 1615894821 , 128281, 4 
S, 13, 1615894821, 936646, 10
D, 13, 1615894822, 63440, 10 
R, 13, 1615894822 , 77983, 4 
S, 14, 1615894822, 887309, 10
D, 14, 1615894823, 13469, 10 
R, 14, 1615894823 , 28520, 4 
S, 15, 1615894823, 837971, 10
D, 15, 1615894823, 973488, 10 
R, 15, 1615894823 , 993388, 4 
S, 16, 1615894824, 788704, 10
D, 16, 1615894824, 913487, 10 
R, 16, 1615894824 , 928276, 4 
S, 17, 1615894825, 739374, 10
D, 17, 1615894825, 863451, 10 
R, 17, 1615894825 , 886917, 4 
S, 18, 1615894826, 690073, 10
D, 18, 1615894826, 823435, 10 
R, 18, 1615894826 , 839330, 4 
S, 19, 1615894827, 640733, 10
D, 19, 1615894827, 763445, 10 
R, 19, 1615894827 , 778643, 4 
S, 20, 1615894828, 591393, 10
D, 20, 1615894828, 713455, 10 
R, 20, 1615894828 , 729611, 4 
S, 21, 1615894829, 542118, 10
D, 21, 1615894829, 663479, 10 
R, 21, 1615894829 , 678655, 4 
S, 22, 1615894830, 492882, 10
D, 22, 1615894830, 613442, 10 
R, 22, 1615894830 , 628967, 4 
S, 23, 1615894831, 443539, 10
D, 23, 1615894831, 573471, 10 
R, 23, 1615894831 , 587934, 4 
S, 24, 1615894832, 394203, 10
D, 24, 1615894832, 523457, 10 
R, 24, 1615894832 , 538831, 4 
S, 25, 1615894833, 344885, 10
D, 25, 1615894833, 463596, 10 
R, 25, 1615894833 , 478867, 4 
S, 26, 1615894834, 295559, 10
D, 26, 1615894834, 413942, 10 
R, 26, 1615894834 , 463334, 4 
S, 27, 1615894835, 246282, 10
D, 27, 1615894835, 373449, 10 
R, 27, 1615894835 , 388335, 4 
S, 28, 1615894836, 196937, 10
D, 28, 1615894836, 323518, 10 
R, 28, 1615894836 , 338124, 4 
S, 29, 1615894837, 147597, 10
D, 29, 1615894837, 283444, 10 
R, 29, 1615894837 , 299095, 4 
S, 30, 1615894838, 98259, 10
D, 30, 1615894838, 193449, 10 
R, 31, 1615894838 , 251807, 4 
S, 31, 1615894838, 948839, 10
D, 31, 1615894839, 43447, 10 
R, 32, 1615894839 , 98870, 4 
S, 32, 1615894839, 799461, 10
D, 32, 1615894839, 883438, 10 
R, 33, 1615894839 , 939665, 4 
S, 33, 1615894840, 650031, 10
D, 33, 1615894840, 733441, 10 
R, 34, 1615894840 , 790443, 4 
S, 34, 1615894841, 500610, 10
D, 34, 1615894841, 583494, 10 
R, 35, 1615894841 , 640327, 4 
S, 35, 1615894842, 351169, 10
D, 35, 1615894842, 433468, 10 
R, 36, 1615894842 , 491913, 4 
S, 36, 1615894843, 201737, 10
D, 36, 1615894843, 283568, 10 
R, 37, 1615894843 , 338963, 4 
S, 37, 1615894844, 52313, 10
D, 37, 1615894844, 133447, 10 
R, 38, 1615894844 , 190368, 4 
S, 38, 1615894844, 903020, 10
D, 38, 1615894844, 983529, 10 
R, 39, 1615894845 , 38723, 4 
S, 39, 1615894845, 753594, 10
D, 39, 1615894845, 833454, 10 
R, 40, 1615894845 , 894930, 4 
S, 40, 1615894846, 604145, 10
D, 40, 1615894846, 683529, 10 
R, 40, 1615894846 , 699384, 4 
S, 41, 1615894847, 454718, 10
D, 41, 1615894847, 533441, 10 
R, 41, 1615894847 , 554908, 4 
S, 42, 1615894848, 305488, 10
D, 42, 1615894848, 383444, 10 
R, 42, 1615894848 , 400546, 4 
S, 43, 1615894849, 156070, 10
D, 43, 1615894849, 243458, 10 
R, 44, 1615894849 , 259207, 4 
S, 44, 1615894850, 6694, 10
D, 44, 1615894850, 83465, 10 
R, 44, 1615894850 , 101100, 4 
S, 45, 1615894850, 857251, 10
D, 45, 1615894850, 933440, 10 
R, 45, 1615894850 , 952641, 4 
S, 46, 1615894851, 707819, 10
D, 46, 1615894851, 783444, 10 
R, 46, 1615894851 , 799196, 4 
S, 47, 1615894852, 558372, 10
D, 47, 1615894852, 643442, 10 
R, 48, 1615894852 , 659454, 4 
S, 48, 1615894853, 408944, 10
D, 48, 1615894853, 493602, 10 
R, 48, 1615894853 , 508898, 4 
S, 49, 1615894854, 259536, 10
D, 49, 1615894854, 353460, 10 
R, 50, 1615894854 , 368904, 4 
S, 50, 1615894855, 110162, 10
D, 50, 1615894855, 193446, 10 
R, 50, 1615894855 , 209445, 4 
S, 51, 1615894855, 960716, 10
D, 51, 1615894856, 43432, 10 
R, 51, 1615894856 , 61105, 4 
S, 52, 1615894856, 811247, 10
D, 52, 1615894856, 893442, 10 
R, 53, 1615894856 , 915952, 4 
S, 53, 1615894857, 661810, 10
D, 53, 1615894857, 743444, 10 
R, 53, 1615894857 , 759707, 4 
S, 54, 1615894858, 512350, 10
D, 54, 1615894858, 593473, 10 
R, 54, 1615894858 , 609201, 4 
S, 55, 1615894859, 363040, 10
D, 55, 1615894859, 443455, 10 
R, 55, 1615894859 , 460847, 4 
S, 56, 1615894860, 213653, 10
D, 56, 1615894860, 293461, 10 
R, 56, 1615894860 , 308550, 4 
S, 57, 1615894861, 64231, 10
D, 57, 1615894861, 143483, 10 
R, 57, 1615894861 , 160961, 4 
S, 58, 1615894861, 914907, 10
D, 58, 1615894861, 993886, 10 
R, 58, 1615894862 , 9848, 4 
S, 59, 1615894862, 765471, 10
D, 59, 1615894862, 843888, 10 
R, 59, 1615894862 , 860303, 4 
S, 60, 1615894863, 616032, 10
D, 60, 1615894863, 693927, 10 
R, 60, 1615894863 , 711099, 4 
S, 61, 1615894864, 466699, 10
D, 61, 1615894864, 553926, 10 
R, 62, 1615894864 , 570477, 4 
S, 62, 1615894865, 317277, 10
D, 62, 1615894865, 403894, 10 
R, 63, 1615894865 , 419454, 4 
S, 63, 1615894866, 167920, 10
D, 63, 1615894866, 253903, 10 
R, 64, 1615894866 , 270008, 4 
S, 64, 1615894867, 18788, 10
D, 64, 1615894867, 103894, 10 
R, 65, 1615894867 , 125343, 4 
S, 65, 1615894867, 869333, 10
D, 65, 1615894867, 953894, 10 
R, 66, 1615894867 , 970652, 4 
S, 66, 1615894868, 719936, 10
D, 66, 1615894868, 823901, 10 
R, 66, 1615894868 , 851069, 4 
S, 67, 1615894869, 670657, 10
D, 67, 1615894869, 763924, 10 
R, 68, 1615894869 , 779368, 4 
S, 68, 1615894870, 521269, 10
D, 68, 1615894870, 603905, 10 
R, 68, 1615894870 , 620500, 4 
S, 69, 1615894871, 371876, 10
D, 69, 1615894871, 453894, 10 
R, 69, 1615894871 , 470983, 4 
S, 70, 1615894872, 222425, 10
D, 70, 1615894872, 303936, 10 
R, 70, 1615894872 , 319979, 4 
S, 71, 1615894873, 73048, 10
D, 71, 1615894873, 153953, 10 
R, 71, 1615894873 , 170370, 4 
S, 72, 1615894873, 923597, 10
D, 72, 1615894874, 13975, 10 
R, 73, 1615894874 , 30266, 4 
S, 73, 1615894874, 774225, 10
D, 73, 1615894874, 853905, 10 
R, 73, 1615894874 , 869532, 4 
S, 74, 1615894875, 624836, 10
D, 74, 1615894875, 703915, 10 
R, 74, 1615894875 , 719136, 4 
S, 75, 1615894876, 475406, 10
D, 75, 1615894876, 553893, 10 
R, 75, 1615894876 , 570189, 4 
S, 76, 1615894877, 325959, 10
D, 76, 1615894877, 413442, 10 
R, 77, 1615894877 , 429883, 4 
S, 77, 1615894878, 176523, 10
D, 77, 1615894878, 263436, 10 
R, 78, 1615894878 , 278757, 4 
S, 78, 1615894879, 27080, 10
D, 78, 1615894879, 113460, 10 
R, 79, 1615894879 , 128958, 4 
S, 79, 1615894879, 877716, 10
D, 79, 1615894879, 973453, 10 
R, 80, 1615894879 , 989890, 4 
S, 80, 1615894880, 728278, 10
D, 80, 1615894880, 813455, 10 
R, 81, 1615894880 , 829888, 4 
S, 81, 1615894881, 578888, 10
D, 81, 1615894881, 663450, 10 
R, 82, 1615894881 , 680335, 4 
S, 82, 1615894882, 429492, 10
D, 82, 1615894882, 513472, 10 
R, 82, 1615894882 , 529419, 4 
S, 83, 1615894883, 280039, 10
D, 83, 1615894883, 363445, 10 
R, 83, 1615894883 , 379929, 4 
S, 84, 1615894884, 130588, 10
D, 84, 1615894884, 213472, 10 
R, 84, 1615894884 , 230707, 4 
S, 85, 1615894884, 981223, 10
D, 85, 1615894885, 63470, 10 
R, 85, 1615894885 , 79684, 4 
S, 86, 1615894885, 831810, 10
D, 86, 1615894885, 913440, 10 
R, 86, 1615894885 , 930291, 4 
S, 87, 1615894886, 682387, 10
D, 87, 1615894886, 763441, 10 
R, 87, 1615894886 , 778819, 4 
S, 88, 1615894887, 533007, 10
D, 88, 1615894887, 613479, 10 
R, 88, 1615894887 , 628600, 4 
S, 89, 1615894888, 383563, 10
D, 89, 1615894888, 463449, 10 
R, 89, 1615894888 , 482307, 4 
S, 90, 1615894889, 234118, 10
D, 90, 1615894889, 313456, 10 
R, 90, 1615894889 , 332365, 4 
S, 91, 1615894890, 84741, 10
D, 91, 1615894890, 173459, 10 
R, 92, 1615894890 , 188469, 4 
S, 92, 1615894890, 935304, 10
D, 92, 1615894891, 13452, 10 
R, 92, 1615894891 , 30512, 4 
S, 93, 1615894891, 785881, 10
D, 93, 1615894891, 873451, 10 
R, 94, 1615894891 , 889842, 4 
S, 94, 1615894892, 636444, 10
D, 94, 1615894892, 713457, 10 
R, 94, 1615894892 , 730437, 4 
S, 95, 1615894893, 487010, 10
D, 95, 1615894893, 573473, 10 
R, 96, 1615894893 , 589248, 4 
S, 96, 1615894894, 337628, 10
D, 96, 1615894894, 423468, 10 
R, 97, 1615894894 , 439522, 4 
S, 97, 1615894895, 188252, 10
D, 97, 1615894895, 273444, 10 
R, 98, 1615894895 , 289222, 4 
S, 98, 1615894896, 38808, 10
D, 98, 1615894896, 123449, 10 
R, 99, 1615894896 , 140255, 4 
S, 99, 1615894896, 889391, 10
D, 99, 1615894896, 973453, 10 
R, 99, 1615894896 , 989276, 4 
