Type, Id paq, time stamp segundos, micro, long paq 
S, 0, 1615891111, 200764, 10
R, 0, 1615891111 , 223238, 4 
D, 0, 1615891111, 223798, 10 
S, 1, 1615891112, 51399, 10
R, 1, 1615891112 , 114246, 4 
D, 1, 1615891112, 114592, 10 
S, 2, 1615891112, 901976, 10
R, 2, 1615891112 , 964216, 4 
D, 2, 1615891112, 964559, 10 
S, 3, 1615891113, 752606, 10
R, 3, 1615891113 , 824197, 4 
D, 3, 1615891113, 824527, 10 
S, 4, 1615891114, 603173, 10
R, 4, 1615891114 , 674181, 4 
D, 4, 1615891114, 674504, 10 
S, 5, 1615891115, 453711, 10
R, 5, 1615891115 , 524231, 4 
D, 5, 1615891115, 524633, 10 
S, 6, 1615891116, 304264, 10
S, 7, 1615891127, 63442, 10
S, 8, 1615891127, 813626, 10
S, 9, 1615891128, 563737, 10
S, 10, 1615891129, 313853, 10
S, 11, 1615891130, 63970, 10
S, 12, 1615891130, 814092, 10
S, 13, 1615891131, 564221, 10
S, 14, 1615891132, 314334, 10
S, 15, 1615891133, 64445, 10
S, 16, 1615891133, 814552, 10
S, 17, 1615891134, 564666, 10
S, 18, 1615891135, 314784, 10
S, 19, 1615891136, 64898, 10
S, 20, 1615891136, 815023, 10
S, 21, 1615891137, 565133, 10
S, 22, 1615891138, 315240, 10
S, 23, 1615891139, 65350, 10
S, 24, 1615891139, 815470, 10
S, 25, 1615891140, 565580, 10
S, 26, 1615891141, 315695, 10
S, 27, 1615891142, 65837, 10
S, 28, 1615891142, 815960, 10
S, 29, 1615891143, 566094, 10
S, 30, 1615891144, 316214, 10
S, 31, 1615891145, 66338, 10
S, 32, 1615891145, 816458, 10
S, 33, 1615891146, 566583, 10
S, 34, 1615891147, 316695, 10
S, 35, 1615891148, 66805, 10
S, 36, 1615891148, 816910, 10
S, 37, 1615891149, 567015, 10
S, 38, 1615891150, 317125, 10
S, 39, 1615891151, 67250, 9
S, 40, 1615891151, 817376, 9
S, 41, 1615891152, 567485, 9
S, 42, 1615891153, 317590, 9
S, 43, 1615891154, 67698, 9
S, 44, 1615891154, 817805, 9
S, 45, 1615891155, 567910, 9
S, 46, 1615891156, 318023, 9
S, 47, 1615891157, 68148, 9
S, 48, 1615891157, 818255, 9
S, 49, 1615891158, 568367, 9
S, 50, 1615891159, 318473, 9
S, 51, 1615891160, 68578, 9
S, 52, 1615891160, 818688, 9
S, 53, 1615891161, 568814, 9
S, 54, 1615891162, 318929, 9
S, 55, 1615891163, 69037, 9
S, 56, 1615891163, 819141, 9
S, 57, 1615891164, 569249, 9
S, 58, 1615891165, 319355, 9
S, 59, 1615891166, 69464, 9
S, 60, 1615891166, 819588, 9
S, 61, 1615891167, 569697, 9
S, 62, 1615891168, 319808, 9
S, 63, 1615891169, 69929, 9
S, 64, 1615891169, 820039, 9
S, 65, 1615891170, 570151, 9
S, 66, 1615891171, 320263, 9
S, 67, 1615891172, 70390, 9
S, 68, 1615891172, 820505, 9
S, 69, 1615891173, 570613, 9
S, 70, 1615891174, 320745, 9
S, 71, 1615891175, 70860, 9
S, 72, 1615891175, 820974, 9
S, 73, 1615891176, 571103, 9
S, 74, 1615891177, 321228, 9
S, 75, 1615891178, 71334, 9
S, 76, 1615891178, 821445, 9
S, 77, 1615891179, 571549, 9
S, 78, 1615891180, 321652, 9
S, 79, 1615891181, 71764, 9
S, 80, 1615891181, 821894, 9
S, 81, 1615891182, 572007, 9
S, 82, 1615891183, 322119, 9
S, 83, 1615891184, 72226, 9
S, 84, 1615891184, 822328, 9
S, 85, 1615891185, 572435, 9
S, 86, 1615891186, 322543, 9
S, 87, 1615891187, 72668, 9
S, 88, 1615891187, 822777, 9
S, 89, 1615891188, 572881, 9
S, 90, 1615891189, 322988, 9
S, 91, 1615891190, 73092, 9
S, 92, 1615891190, 823203, 9
S, 93, 1615891191, 573325, 9
S, 94, 1615891192, 323437, 9
S, 95, 1615891193, 73541, 9
S, 96, 1615891193, 823699, 9
S, 97, 1615891194, 573806, 9
S, 98, 1615891195, 323910, 9
S, 99, 1615891196, 74020, 9
S, 100, 1615891196, 824145, 9
S, 101, 1615891197, 574254, 9
S, 102, 1615891198, 324360, 9
S, 103, 1615891199, 74468, 9
S, 104, 1615891199, 824571, 9
S, 105, 1615891200, 574673, 9
S, 106, 1615891201, 324784, 9
S, 107, 1615891202, 74926, 9
S, 108, 1615891202, 825045, 9
S, 109, 1615891203, 575160, 9
S, 110, 1615891204, 325290, 9
S, 111, 1615891205, 75403, 9
S, 112, 1615891205, 825520, 9
S, 113, 1615891206, 575647, 9
S, 114, 1615891207, 325759, 9
S, 115, 1615891208, 75875, 9
S, 116, 1615891208, 825991, 9
S, 117, 1615891209, 576103, 9
S, 118, 1615891210, 326210, 9
S, 119, 1615891211, 76323, 9
S, 120, 1615891211, 826448, 9
S, 121, 1615891212, 576561, 9
S, 122, 1615891213, 326672, 9
S, 123, 1615891214, 76782, 9
S, 124, 1615891214, 826889, 9
S, 125, 1615891215, 576993, 9
S, 126, 1615891216, 327105, 9
S, 127, 1615891217, 77226, 9
S, 128, 1615891217, 827334, 9
S, 129, 1615891218, 577443, 9
S, 130, 1615891219, 327547, 9
S, 131, 1615891220, 77651, 9
S, 132, 1615891220, 827764, 9
S, 133, 1615891221, 577886, 9
S, 134, 1615891222, 328001, 9
S, 135, 1615891223, 78112, 9
S, 136, 1615891223, 828217, 9
S, 137, 1615891224, 578324, 9
S, 138, 1615891225, 328427, 9
S, 139, 1615891226, 78534, 9
S, 140, 1615891226, 828659, 9
S, 141, 1615891227, 578764, 9
S, 142, 1615891228, 328873, 9
S, 143, 1615891229, 78993, 9
S, 144, 1615891229, 829103, 9
S, 145, 1615891230, 579207