Type, Id paq, time stamp segundos, micro, long paq 
S, 0, 1615895355, 508728, 10
D, 0, 1615895355, 634775, 10 
R, 0, 1615895355 , 649490, 4 
S, 1, 1615895356, 459521, 10
D, 1, 1615895356, 585130, 10 
R, 1, 1615895356 , 601339, 4 
S, 2, 1615895357, 410711, 10
D, 2, 1615895357, 534780, 10 
R, 2, 1615895357 , 549778, 4 
S, 3, 1615895358, 361848, 10
D, 3, 1615895358, 484763, 10 
R, 3, 1615895358 , 499565, 4 
S, 4, 1615895359, 312941, 10
D, 4, 1615895359, 434769, 10 
R, 4, 1615895359 , 449359, 4 
S, 5, 1615895360, 263641, 10
D, 5, 1615895360, 394781, 10 
R, 5, 1615895360 , 409202, 4 
S, 6, 1615895361, 214452, 10
D, 6, 1615895361, 334857, 10 
R, 6, 1615895361 , 348020, 4 
S, 7, 1615895362, 165190, 10
D, 7, 1615895362, 294882, 10 
R, 7, 1615895362 , 308796, 4 
S, 8, 1615895363, 115854, 10
D, 8, 1615895363, 234910, 10 
R, 8, 1615895363 , 249019, 4 
S, 9, 1615895364, 66507, 10
D, 9, 1615895364, 184703, 10 
R, 9, 1615895364 , 200095, 4 
S, 10, 1615895365, 17209, 10
D, 10, 1615895365, 134891, 10 
R, 10, 1615895365 , 148437, 4 
S, 11, 1615895365, 967879, 10
D, 11, 1615895366, 84699, 10 
R, 11, 1615895366 , 98219, 4 
S, 12, 1615895366, 918614, 10
D, 12, 1615895367, 44777, 10 
R, 12, 1615895367 , 59608, 4 
S, 13, 1615895367, 869342, 10
D, 13, 1615895367, 984761, 10 
R, 13, 1615895367 , 999103, 4 
S, 14, 1615895368, 820167, 10
D, 14, 1615895368, 944714, 10 
R, 14, 1615895368 , 959253, 4 
S, 15, 1615895369, 770897, 10
D, 15, 1615895369, 894832, 10 
R, 15, 1615895369 , 909343, 4 
S, 16, 1615895370, 721567, 10
D, 16, 1615895370, 844773, 10 
R, 16, 1615895370 , 859227, 4 
S, 17, 1615895371, 672292, 10
D, 17, 1615895371, 794759, 10 
R, 17, 1615895371 , 809811, 4 
S, 18, 1615895372, 623019, 10
D, 18, 1615895372, 754751, 10 
R, 18, 1615895372 , 768588, 4 
S, 19, 1615895373, 573696, 10
D, 19, 1615895373, 694766, 10 
R, 19, 1615895373 , 709414, 4 
S, 20, 1615895374, 524446, 10
D, 20, 1615895374, 644750, 10 
R, 20, 1615895374 , 659885, 4 
S, 21, 1615895375, 475114, 10
D, 21, 1615895375, 604796, 10 
R, 21, 1615895375 , 618914, 4 
S, 22, 1615895376, 425831, 10
D, 22, 1615895376, 554742, 10 
R, 22, 1615895376 , 568833, 4 
S, 23, 1615895377, 376490, 10
D, 23, 1615895377, 494825, 10 
R, 23, 1615895377 , 509628, 4 
S, 24, 1615895378, 327204, 10
D, 24, 1615895378, 454736, 10 
R, 24, 1615895378 , 469201, 4 
S, 25, 1615895379, 277868, 10
D, 25, 1615895379, 404751, 10 
R, 25, 1615895379 , 419749, 4 
S, 26, 1615895380, 228572, 10
D, 26, 1615895380, 344703, 10 
R, 26, 1615895380 , 360317, 4 
S, 27, 1615895381, 179288, 10
D, 27, 1615895381, 304795, 10 
R, 27, 1615895381 , 319823, 4 
S, 28, 1615895382, 129953, 10
D, 28, 1615895382, 254739, 10 
R, 28, 1615895382 , 269715, 4 
S, 29, 1615895383, 80607, 10
D, 29, 1615895383, 204750, 10 
R, 29, 1615895383 , 219030, 4 
S, 30, 1615895384, 31348, 10
D, 30, 1615895384, 154758, 10 
R, 30, 1615895384 , 169435, 4 
S, 31, 1615895384, 982024, 10
D, 31, 1615895385, 104773, 10 
R, 31, 1615895385 , 119552, 4 
S, 32, 1615895385, 932677, 10
D, 32, 1615895386, 54816, 10 
R, 32, 1615895386 , 70706, 4 
S, 33, 1615895386, 883392, 10
D, 33, 1615895387, 4877, 10 
R, 33, 1615895387 , 18783, 4 
S, 34, 1615895387, 834052, 10
D, 34, 1615895387, 954685, 10 
R, 34, 1615895387 , 968651, 4 
S, 35, 1615895388, 784691, 10
D, 35, 1615895388, 905039, 10 
R, 35, 1615895388 , 919845, 4 
S, 36, 1615895389, 735358, 10
D, 36, 1615895389, 854808, 10 
R, 36, 1615895389 , 869123, 4 
S, 37, 1615895390, 686033, 10
D, 37, 1615895390, 804831, 10 
R, 37, 1615895390 , 819764, 4 
S, 38, 1615895391, 636749, 10
D, 38, 1615895391, 754740, 10 
R, 38, 1615895391 , 768924, 4 
S, 39, 1615895392, 587417, 10
D, 39, 1615895392, 704669, 10 
R, 39, 1615895392 , 720191, 4 
S, 40, 1615895393, 538055, 10
D, 40, 1615895393, 664758, 10 
R, 40, 1615895393 , 679710, 4 
S, 41, 1615895394, 488725, 10
D, 41, 1615895394, 614744, 10 
R, 41, 1615895394 , 629605, 4 
S, 42, 1615895395, 439422, 10
D, 42, 1615895395, 564831, 10 
R, 42, 1615895395 , 579267, 4 
S, 43, 1615895396, 390161, 10
D, 43, 1615895396, 514846, 10 
R, 43, 1615895396 , 529782, 4 
S, 44, 1615895397, 340799, 10
D, 44, 1615895397, 464750, 10 
R, 44, 1615895397 , 479574, 4 
S, 45, 1615895398, 291463, 10
D, 45, 1615895398, 414821, 10 
R, 45, 1615895398 , 428805, 4 
S, 46, 1615895399, 242129, 10
D, 46, 1615895399, 364817, 10 
R, 46, 1615895399 , 379303, 4 
S, 47, 1615895400, 192835, 10
D, 47, 1615895400, 314786, 10 
R, 47, 1615895400 , 329426, 4 
S, 48, 1615895401, 143541, 10
D, 48, 1615895401, 274833, 10 
R, 48, 1615895401 , 289638, 4 
S, 49, 1615895402, 94403, 10
D, 49, 1615895402, 214823, 10 
R, 49, 1615895402 , 229350, 4 
S, 50, 1615895403, 45068, 10
D, 50, 1615895403, 164795, 10 
R, 50, 1615895403 , 179661, 4 
S, 51, 1615895403, 995726, 10
D, 51, 1615895404, 114764, 10 
R, 51, 1615895404 , 128197, 4 
S, 52, 1615895404, 946390, 10
D, 52, 1615895405, 74784, 10 
R, 52, 1615895405 , 88966, 4 
S, 53, 1615895405, 897037, 10
D, 53, 1615895406, 24772, 10 
R, 53, 1615895406 , 40404, 4 
S, 54, 1615895406, 847767, 10
D, 54, 1615895406, 974794, 10 
R, 54, 1615895406 , 988821, 4 
S, 55, 1615895407, 798434, 10
D, 55, 1615895407, 924736, 10 
R, 55, 1615895407 , 938748, 4 
S, 56, 1615895408, 749094, 10
D, 56, 1615895408, 874772, 10 
R, 56, 1615895408 , 888631, 4 
S, 57, 1615895409, 699774, 10
D, 57, 1615895409, 824761, 10 
R, 57, 1615895409 , 839826, 4 
S, 58, 1615895410, 650462, 10
D, 58, 1615895410, 774732, 10 
R, 58, 1615895410 , 788720, 4 
S, 59, 1615895411, 601221, 10
D, 59, 1615895411, 724785, 10 
R, 59, 1615895411 , 739198, 4 
S, 60, 1615895412, 551925, 10
D, 60, 1615895412, 674718, 10 
R, 60, 1615895412 , 689700, 4 
S, 61, 1615895413, 502585, 10
D, 61, 1615895413, 624750, 10 
R, 61, 1615895413 , 640217, 4 
S, 62, 1615895414, 453259, 10
D, 62, 1615895414, 584796, 10 
R, 62, 1615895414 , 600452, 4 
S, 63, 1615895415, 403971, 10
D, 63, 1615895415, 524725, 10 
R, 63, 1615895415 , 538219, 4 
S, 64, 1615895416, 354745, 10
D, 64, 1615895416, 474739, 10 
R, 64, 1615895416 , 488731, 4 
S, 65, 1615895417, 305423, 10
D, 65, 1615895417, 424788, 10 
R, 65, 1615895417 , 438637, 4 
S, 66, 1615895418, 256091, 10
D, 66, 1615895418, 374770, 10 
R, 66, 1615895418 , 389201, 4 
S, 67, 1615895419, 206766, 10
D, 67, 1615895419, 324743, 10 
R, 67, 1615895419 , 339104, 4 
S, 68, 1615895420, 157467, 10
D, 68, 1615895420, 284774, 10 
R, 68, 1615895420 , 298925, 4 
S, 69, 1615895421, 108134, 10
D, 69, 1615895421, 234752, 10 
R, 69, 1615895421 , 248035, 4 
S, 70, 1615895422, 58799, 10
D, 70, 1615895422, 184733, 10 
R, 70, 1615895422 , 199190, 4 
S, 71, 1615895423, 9450, 10
D, 71, 1615895423, 135011, 10 
R, 71, 1615895423 , 149853, 4 
S, 72, 1615895423, 960091, 10
D, 72, 1615895424, 84790, 10 
R, 72, 1615895424 , 99501, 4 
S, 73, 1615895424, 910755, 10
D, 73, 1615895425, 34911, 10 
R, 73, 1615895425 , 49528, 4 
S, 74, 1615895425, 861427, 10
D, 74, 1615895425, 984895, 10 
R, 74, 1615895425 , 998447, 4 
S, 75, 1615895426, 812139, 10
D, 75, 1615895426, 934789, 10 
R, 75, 1615895426 , 949403, 4 
S, 76, 1615895427, 762789, 10
D, 76, 1615895427, 884875, 10 
R, 76, 1615895427 , 900055, 4 
S, 77, 1615895428, 713430, 10
D, 77, 1615895428, 834718, 10 
R, 77, 1615895428 , 849939, 4 
S, 78, 1615895429, 664146, 10
D, 78, 1615895429, 784874, 10 
R, 78, 1615895429 , 799105, 4 
S, 79, 1615895430, 614825, 10
D, 79, 1615895430, 734793, 10 
R, 79, 1615895430 , 750255, 4 
S, 80, 1615895431, 565543, 10
D, 80, 1615895431, 684808, 10 
R, 80, 1615895431 , 700125, 4 
S, 81, 1615895432, 516272, 10
D, 81, 1615895432, 634820, 10 
R, 81, 1615895432 , 649383, 4 
S, 82, 1615895433, 466932, 10
D, 82, 1615895433, 584743, 10 
R, 82, 1615895433 , 597979, 4 
S, 83, 1615895434, 417597, 10
D, 83, 1615895434, 534785, 10 
R, 83, 1615895434 , 549078, 4 
S, 84, 1615895435, 368261, 10
D, 84, 1615895435, 494817, 10 
R, 84, 1615895435 , 508068, 4 
S, 85, 1615895436, 318976, 10
D, 85, 1615895436, 444797, 10 
R, 85, 1615895436 , 459234, 4 
S, 86, 1615895437, 269621, 10
D, 86, 1615895437, 394837, 10 
R, 86, 1615895437 , 409007, 4 
S, 87, 1615895438, 220335, 10
D, 87, 1615895438, 344815, 10 
R, 87, 1615895438 , 358958, 4 
S, 88, 1615895439, 170982, 10
D, 88, 1615895439, 294942, 10 
R, 88, 1615895439 , 309658, 4 
S, 89, 1615895440, 121657, 10
D, 89, 1615895440, 245011, 10 
R, 89, 1615895440 , 260774, 4 
S, 90, 1615895441, 72299, 10
D, 90, 1615895441, 194833, 10 
R, 90, 1615895441 , 208951, 4 
S, 91, 1615895442, 22999, 10
D, 91, 1615895442, 144791, 10 
R, 91, 1615895442 , 160046, 4 
S, 92, 1615895442, 973645, 10
D, 92, 1615895443, 94734, 10 
R, 92, 1615895443 , 109892, 4 
S, 93, 1615895443, 924369, 10
D, 93, 1615895444, 44812, 10 
R, 93, 1615895444 , 60402, 4 
S, 94, 1615895444, 875024, 10
D, 94, 1615895445, 4795, 10 
R, 94, 1615895445 , 19301, 4 
S, 95, 1615895445, 825692, 9
D, 95, 1615895445, 944732, 9 
R, 95, 1615895445 , 959756, 4 
S, 96, 1615895446, 776417, 9
D, 96, 1615895446, 894832, 9 
R, 96, 1615895446 , 909520, 4 
S, 97, 1615895447, 727070, 9
D, 97, 1615895447, 854794, 9 
R, 97, 1615895447 , 869025, 4 
S, 98, 1615895448, 677724, 9
D, 98, 1615895448, 804838, 9 
R, 98, 1615895448 , 819520, 4 
S, 99, 1615895449, 628377, 9
D, 99, 1615895449, 744809, 9 
R, 99, 1615895449 , 759651, 4 
S, 100, 1615895450, 579104, 9
D, 100, 1615895450, 704944, 9 
R, 100, 1615895450 , 718803, 4 
S, 101, 1615895451, 529828, 9
D, 101, 1615895451, 644805, 9 
R, 101, 1615895451 , 659998, 4 
S, 102, 1615895452, 480524, 9
D, 102, 1615895452, 604787, 9 
R, 102, 1615895452 , 619500, 4 
S, 103, 1615895453, 431174, 9
D, 103, 1615895453, 554811, 9 
R, 103, 1615895453 , 569300, 4 
S, 104, 1615895454, 381847, 9
D, 104, 1615895454, 504765, 9 
R, 104, 1615895454 , 519179, 4 
S, 105, 1615895455, 332503, 9
D, 105, 1615895455, 455068, 9 
R, 105, 1615895455 , 468275, 4 
S, 106, 1615895456, 283221, 9
D, 106, 1615895456, 414752, 9 
R, 106, 1615895456 , 429574, 4 
S, 107, 1615895457, 233870, 9
D, 107, 1615895457, 354786, 9 
R, 107, 1615895457 , 369053, 4 
S, 108, 1615895458, 184605, 9
D, 108, 1615895458, 304791, 9 
R, 108, 1615895458 , 318133, 4 
S, 109, 1615895459, 135271, 9
D, 109, 1615895459, 254806, 9 
R, 109, 1615895459 , 269162, 4 
S, 110, 1615895460, 85940, 9
D, 110, 1615895460, 204868, 9 
R, 110, 1615895460 , 219174, 4 
S, 111, 1615895461, 36641, 9
D, 111, 1615895461, 154808, 9 
R, 111, 1615895461 , 170299, 4 
S, 112, 1615895461, 987425, 9
D, 112, 1615895462, 114924, 9 
R, 112, 1615895462 , 129299, 4 
S, 113, 1615895462, 938170, 9
D, 113, 1615895463, 64843, 9 
R, 113, 1615895463 , 78984, 4 
S, 114, 1615895463, 888807, 9
D, 114, 1615895464, 14791, 9 
R, 114, 1615895464 , 29449, 4 
S, 115, 1615895464, 839523, 9
D, 115, 1615895464, 964922, 9 
R, 115, 1615895464 , 979454, 4 
S, 116, 1615895465, 790159, 9
D, 116, 1615895465, 904852, 9 
R, 116, 1615895465 , 919061, 4 
S, 117, 1615895466, 740872, 9
D, 117, 1615895466, 864732, 9 
R, 117, 1615895466 , 879576, 4 
S, 118, 1615895467, 691511, 9
D, 118, 1615895467, 814793, 9 
R, 118, 1615895467 , 829996, 4 
S, 119, 1615895468, 642151, 9
D, 119, 1615895468, 764928, 9 
R, 119, 1615895468 , 779427, 4 
S, 120, 1615895469, 592824, 9
D, 120, 1615895469, 714757, 9 
R, 120, 1615895469 , 729024, 4 
S, 121, 1615895470, 543489, 9
D, 121, 1615895470, 664850, 9 
R, 121, 1615895470 , 680119, 4 
S, 122, 1615895471, 494218, 9
D, 122, 1615895471, 614858, 9 
R, 122, 1615895471 , 628900, 4 
S, 123, 1615895472, 444867, 9
D, 123, 1615895472, 564843, 9 
R, 123, 1615895472 , 579596, 4 
S, 124, 1615895473, 395523, 9
D, 124, 1615895473, 514803, 9 
R, 124, 1615895473 , 529287, 4 
S, 125, 1615895474, 346172, 9
D, 125, 1615895474, 464748, 9 
R, 125, 1615895474 , 479902, 4 
S, 126, 1615895475, 296867, 9
D, 126, 1615895475, 414834, 9 
R, 126, 1615895475 , 429052, 4 
S, 127, 1615895476, 247598, 9
D, 127, 1615895476, 364828, 9 
R, 127, 1615895476 , 380288, 4 
S, 128, 1615895477, 198265, 9
D, 128, 1615895477, 324824, 9 
R, 128, 1615895477 , 340354, 4 
S, 129, 1615895478, 148921, 9
D, 129, 1615895478, 274825, 9 
R, 129, 1615895478 , 289518, 4 
S, 130, 1615895479, 99571, 9
D, 130, 1615895479, 224906, 9 
R, 130, 1615895479 , 240167, 4 
S, 131, 1615895480, 50248, 9
D, 131, 1615895480, 174909, 9 
R, 131, 1615895480 , 189402, 4 
S, 132, 1615895481, 971, 9
D, 132, 1615895481, 124819, 9 
R, 132, 1615895481 , 138587, 4 
S, 133, 1615895481, 951689, 9
D, 133, 1615895482, 74818, 9 
R, 133, 1615895482 , 89130, 4 
S, 134, 1615895482, 902353, 9
D, 134, 1615895483, 24845, 9 
R, 134, 1615895483 , 38957, 4 
S, 135, 1615895483, 853024, 9
D, 135, 1615895483, 974901, 9 
R, 135, 1615895483 , 990114, 4 
S, 136, 1615895484, 803679, 9
D, 136, 1615895484, 924828, 9 
R, 136, 1615895484 , 939234, 4 
S, 137, 1615895485, 754420, 9
D, 137, 1615895485, 874839, 9 
R, 137, 1615895485 , 890499, 4 
S, 138, 1615895486, 705158, 9
D, 138, 1615895486, 824796, 9 
R, 138, 1615895486 , 839395, 4 
S, 139, 1615895487, 655833, 9
D, 139, 1615895487, 774795, 9 
R, 139, 1615895487 , 789168, 4 
S, 140, 1615895488, 606482, 9
D, 140, 1615895488, 735039, 9 
R, 140, 1615895488 , 748673, 4 
S, 141, 1615895489, 557156, 9
D, 141, 1615895489, 684921, 9 
R, 141, 1615895489 , 699939, 4 
S, 142, 1615895490, 507834, 9
D, 142, 1615895490, 624841, 9 
R, 142, 1615895490 , 639360, 4 
S, 143, 1615895491, 458554, 9
D, 143, 1615895491, 584825, 9 
R, 143, 1615895491 , 599795, 4 
S, 144, 1615895492, 409236, 9
D, 144, 1615895492, 534955, 9 
R, 144, 1615895492 , 548997, 4 
S, 145, 1615895493, 359977, 9
D, 145, 1615895493, 484849, 9 
R, 145, 1615895493 , 498733, 4 
S, 146, 1615895494, 310650, 9
D, 146, 1615895494, 435005, 9 
R, 146, 1615895494 , 450078, 4 
S, 147, 1615895495, 261307, 9
D, 147, 1615895495, 384907, 9 
R, 147, 1615895495 , 399820, 4 
S, 148, 1615895496, 211974, 9
D, 148, 1615895496, 334916, 9 
R, 148, 1615895496 , 349681, 4 
S, 149, 1615895497, 162634, 9
D, 149, 1615895497, 284861, 9 
R, 149, 1615895497 , 298157, 4 
S, 150, 1615895498, 113334, 9
D, 150, 1615895498, 234838, 9 
R, 150, 1615895498 , 248630, 4 
S, 151, 1615895499, 64004, 9
D, 151, 1615895499, 184836, 9 
R, 151, 1615895499 , 198519, 4 
S, 152, 1615895500, 14665, 9
D, 152, 1615895500, 144806, 9 
R, 152, 1615895500 , 160036, 4 
S, 153, 1615895500, 965330, 9
D, 153, 1615895501, 84814, 9 
R, 153, 1615895501 , 99708, 4 
S, 154, 1615895501, 916055, 9
D, 154, 1615895502, 34895, 9 
R, 154, 1615895502 , 49235, 4 
S, 155, 1615895502, 866721, 9
D, 155, 1615895502, 994903, 9 
R, 155, 1615895503 , 9511, 4 
S, 156, 1615895503, 817385, 9
D, 156, 1615895503, 944912, 9 
R, 156, 1615895503 , 960497, 4 
S, 157, 1615895504, 768068, 9
D, 157, 1615895504, 884824, 9 
R, 157, 1615895504 , 899143, 4 
S, 158, 1615895505, 718747, 9
D, 158, 1615895505, 845004, 9 
R, 158, 1615895505 , 858916, 4 
S, 159, 1615895506, 669485, 9
D, 159, 1615895506, 784872, 9 
R, 159, 1615895506 , 799922, 4 
S, 160, 1615895507, 620125, 9
D, 160, 1615895507, 744886, 9 
R, 160, 1615895507 , 758703, 4 
S, 161, 1615895508, 570790, 9
D, 161, 1615895508, 694727, 9 
R, 161, 1615895508 , 709190, 4 
S, 162, 1615895509, 521484, 9
D, 162, 1615895509, 644827, 9 
R, 162, 1615895509 , 660095, 4 
S, 163, 1615895510, 472170, 9
D, 163, 1615895510, 594845, 9 
R, 163, 1615895510 , 609315, 4 
S, 164, 1615895511, 422894, 9
D, 164, 1615895511, 544860, 9 
R, 164, 1615895511 , 559307, 4 
S, 165, 1615895512, 373562, 9
D, 165, 1615895512, 504841, 9 
R, 165, 1615895512 , 519228, 4 
S, 166, 1615895513, 324237, 9
D, 166, 1615895513, 444856, 9 
R, 166, 1615895513 , 458703, 4 
S, 167, 1615895514, 274899, 9
D, 167, 1615895514, 394947, 9 
R, 167, 1615895514 , 410169, 4 
S, 168, 1615895515, 225576, 9
D, 168, 1615895515, 344889, 9 
R, 168, 1615895515 , 360113, 4 
S, 169, 1615895516, 176258, 9
D, 169, 1615895516, 304845, 9 
R, 169, 1615895516 , 319559, 4 
S, 170, 1615895517, 126936, 9
D, 170, 1615895517, 254944, 9 
R, 170, 1615895517 , 269692, 4 
S, 171, 1615895518, 77597, 9
D, 171, 1615895518, 204886, 9 
R, 171, 1615895518 , 219475, 4 
S, 172, 1615895519, 28268, 9
D, 172, 1615895519, 144805, 9 
R, 172, 1615895519 , 158798, 4 
S, 173, 1615895519, 978951, 9
D, 173, 1615895520, 104810, 9 
R, 173, 1615895520 , 119018, 4 
S, 174, 1615895520, 929635, 9
D, 174, 1615895521, 55121, 9 
R, 174, 1615895521 , 69688, 4 
S, 175, 1615895521, 880408, 9
D, 175, 1615895522, 4950, 9 
R, 175, 1615895522 , 19610, 4 
S, 176, 1615895522, 831098, 9
D, 176, 1615895522, 954829, 9 
R, 176, 1615895522 , 969335, 4 
S, 177, 1615895523, 781837, 9
D, 177, 1615895523, 904926, 9 
R, 177, 1615895523 , 919242, 4 
S, 178, 1615895524, 732515, 9
D, 178, 1615895524, 854896, 9 
R, 178, 1615895524 , 869755, 4 
S, 179, 1615895525, 683199, 9
D, 179, 1615895525, 804912, 9 
R, 179, 1615895525 , 818950, 4 
S, 180, 1615895526, 633929, 9
D, 180, 1615895526, 754910, 9 
R, 180, 1615895526 , 769495, 4 
S, 181, 1615895527, 584676, 9
D, 181, 1615895527, 704895, 9 
R, 181, 1615895527 , 719807, 4 
S, 182, 1615895528, 535341, 9
D, 182, 1615895528, 654868, 9 
R, 182, 1615895528 , 669679, 4 
S, 183, 1615895529, 486021, 9
D, 183, 1615895529, 614887, 9 
R, 183, 1615895529 , 629741, 4 
S, 184, 1615895530, 436692, 9
D, 184, 1615895530, 554842, 9 
R, 184, 1615895530 , 569340, 4 
S, 185, 1615895531, 387406, 9
D, 185, 1615895531, 514822, 9 
R, 185, 1615895531 , 528850, 4 
S, 186, 1615895532, 338101, 9
D, 186, 1615895532, 454822, 9 
R, 186, 1615895532 , 469304, 4 
S, 187, 1615895533, 288776, 9
D, 187, 1615895533, 414823, 9 
R, 187, 1615895533 , 429507, 4 
S, 188, 1615895534, 239449, 9
D, 188, 1615895534, 364824, 9 
R, 188, 1615895534 , 378590, 4 
S, 189, 1615895535, 190132, 9
D, 189, 1615895535, 314858, 9 
R, 189, 1615895535 , 329858, 4 
S, 190, 1615895536, 140816, 8
D, 190, 1615895536, 264785, 8 
R, 190, 1615895536 , 280235, 4 
S, 191, 1615895537, 91491, 8
D, 191, 1615895537, 214828, 8 
R, 191, 1615895537 , 229665, 4 
S, 192, 1615895538, 42166, 8
D, 192, 1615895538, 164858, 8 
R, 192, 1615895538 , 178515, 4 
S, 193, 1615895538, 992830, 8
D, 193, 1615895539, 114818, 8 
R, 193, 1615895539 , 129527, 4 
S, 194, 1615895539, 943496, 8
D, 194, 1615895540, 64822, 8 
R, 194, 1615895540 , 80053, 4 
S, 195, 1615895540, 894152, 8
D, 195, 1615895541, 14774, 8 
R, 195, 1615895541 , 29643, 4 
S, 196, 1615895541, 844886, 8
D, 196, 1615895541, 964848, 8 
R, 196, 1615895541 , 979507, 4 
S, 197, 1615895542, 795561, 8
D, 197, 1615895542, 914984, 8 
R, 197, 1615895542 , 929625, 4 
S, 198, 1615895543, 746246, 8
D, 198, 1615895543, 864950, 8 
R, 198, 1615895543 , 880026, 4 
S, 199, 1615895544, 696924, 8
D, 199, 1615895544, 814926, 8 
R, 199, 1615895544 , 829712, 4 
S, 200, 1615895545, 647585, 7
D, 200, 1615895545, 764764, 7 
R, 200, 1615895545 , 779293, 4 
S, 201, 1615895546, 598335, 6
D, 201, 1615895546, 724826, 6 
R, 201, 1615895546 , 739159, 4 
S, 202, 1615895547, 548998, 7
D, 202, 1615895547, 664728, 7 
R, 202, 1615895547 , 678840, 4 
S, 203, 1615895548, 499677, 7
D, 203, 1615895548, 624941, 7 
R, 203, 1615895548 , 639769, 4 
S, 204, 1615895549, 450369, 7
D, 204, 1615895549, 574936, 7 
R, 204, 1615895549 , 589999, 4 
S, 205, 1615895550, 401069, 7
D, 205, 1615895550, 524928, 7 
R, 205, 1615895550 , 539701, 4 
S, 206, 1615895551, 351799, 7
D, 206, 1615895551, 474873, 7 
R, 206, 1615895551 , 487963, 4 
S, 207, 1615895552, 302472, 7
D, 207, 1615895552, 424839, 7 
R, 207, 1615895552 , 443708, 4 
S, 208, 1615895553, 253137, 7
D, 208, 1615895553, 375160, 7 
R, 208, 1615895553 , 389382, 4 
S, 209, 1615895554, 203847, 7
D, 209, 1615895554, 324809, 7 
R, 209, 1615895554 , 340440, 4 
S, 210, 1615895555, 154587, 7
D, 210, 1615895555, 284959, 7 
R, 210, 1615895555 , 299871, 4 
S, 211, 1615895556, 105273, 8
D, 211, 1615895556, 224758, 8 
R, 211, 1615895556 , 240353, 4 
S, 212, 1615895557, 55961, 8
D, 212, 1615895557, 174837, 8 
R, 212, 1615895557 , 189710, 4 
S, 213, 1615895558, 6648, 8
D, 213, 1615895558, 124857, 8 
R, 213, 1615895558 , 139391, 4 
S, 214, 1615895558, 957338, 8
D, 214, 1615895559, 84854, 8 
R, 214, 1615895559 , 99499, 4 
S, 215, 1615895559, 908003, 8
D, 215, 1615895560, 34812, 8 
R, 215, 1615895560 , 50232, 4 
S, 216, 1615895560, 858661, 8
D, 216, 1615895560, 984957, 8 
R, 216, 1615895560 , 999979, 4 
S, 217, 1615895561, 809411, 8
D, 217, 1615895561, 924847, 8 
R, 217, 1615895561 , 939369, 4 
S, 218, 1615895562, 760093, 8
D, 218, 1615895562, 884923, 8 
R, 218, 1615895562 , 899681, 4 
S, 219, 1615895563, 710763, 8
D, 219, 1615895563, 824882, 8 
R, 219, 1615895563 , 839786, 4 
S, 220, 1615895564, 661453, 8
D, 220, 1615895564, 784942, 8 
R, 220, 1615895564 , 799165, 4 
S, 221, 1615895565, 612142, 8
D, 221, 1615895565, 735225, 8 
R, 221, 1615895565 , 750416, 4 
S, 222, 1615895566, 562889, 8
D, 222, 1615895566, 685015, 8 
R, 222, 1615895566 , 699611, 4 
S, 223, 1615895567, 513567, 8
D, 223, 1615895567, 635044, 8 
R, 223, 1615895567 , 650188, 4 
S, 224, 1615895568, 464235, 8
D, 224, 1615895568, 584748, 8 
R, 224, 1615895568 , 599824, 4 
S, 225, 1615895569, 414912, 8
D, 225, 1615895569, 534905, 8 
R, 225, 1615895569 , 549043, 4 
S, 226, 1615895570, 365591, 8
D, 226, 1615895570, 484949, 8 
R, 226, 1615895570 , 500104, 4 
S, 227, 1615895571, 316311, 8
D, 227, 1615895571, 444950, 8 
R, 227, 1615895571 , 459635, 4 
S, 228, 1615895572, 266995, 8
D, 228, 1615895572, 395021, 8 
R, 228, 1615895572 , 409508, 4 
S, 229, 1615895573, 217686, 8
D, 229, 1615895573, 344963, 8 
R, 229, 1615895573 , 359687, 4 
S, 230, 1615895574, 168356, 8
D, 230, 1615895574, 284868, 8 
R, 230, 1615895574 , 299639, 4 
S, 231, 1615895575, 119030, 8
D, 231, 1615895575, 244848, 8 
R, 231, 1615895575 , 259009, 4 
S, 232, 1615895576, 69692, 8
D, 232, 1615895576, 194884, 8 
R, 232, 1615895576 , 209655, 4 
S, 233, 1615895577, 20441, 8
D, 233, 1615895577, 144913, 8 
R, 233, 1615895577 , 159491, 4 
S, 234, 1615895577, 971118, 8
D, 234, 1615895578, 94941, 8 
R, 234, 1615895578 , 110154, 4 
S, 235, 1615895578, 921812, 8
D, 235, 1615895579, 44965, 8 
R, 235, 1615895579 , 59135, 4 
S, 236, 1615895579, 872490, 8
D, 236, 1615895579, 994876, 8 
R, 236, 1615895580 , 8730, 4 
S, 237, 1615895580, 823153, 8
D, 237, 1615895580, 944974, 8 
R, 237, 1615895580 , 959987, 4 
S, 238, 1615895581, 773956, 8
D, 238, 1615895581, 904860, 8 
R, 238, 1615895581 , 919316, 4 
S, 239, 1615895582, 724794, 8
D, 239, 1615895582, 844913, 8 
R, 239, 1615895582 , 859180, 4 
S, 240, 1615895583, 675535, 8
D, 240, 1615895583, 794872, 8 
R, 240, 1615895583 , 809490, 4 
S, 241, 1615895584, 626212, 8
D, 241, 1615895584, 744860, 8 
R, 241, 1615895584 , 759073, 4 
S, 242, 1615895585, 576898, 8
D, 242, 1615895585, 694860, 8 
R, 242, 1615895585 , 709388, 4 
S, 243, 1615895586, 527638, 8
D, 243, 1615895586, 644885, 8 
R, 243, 1615895586 , 658651, 4 
S, 244, 1615895587, 478321, 8
D, 244, 1615895587, 604970, 8 
R, 244, 1615895587 , 618894, 4 
S, 245, 1615895588, 428984, 8
D, 245, 1615895588, 554873, 8 
R, 245, 1615895588 , 570422, 4 
S, 246, 1615895589, 379673, 8
D, 246, 1615895589, 504943, 8 
R, 246, 1615895589 , 519051, 4 
S, 247, 1615895590, 330357, 8
D, 247, 1615895590, 454993, 8 
R, 247, 1615895590 , 469479, 4 
S, 248, 1615895591, 281013, 8
D, 248, 1615895591, 404895, 8 
R, 248, 1615895591 , 419786, 4 
S, 249, 1615895592, 231682, 8
D, 249, 1615895592, 354951, 8 
R, 249, 1615895592 , 370260, 4 
S, 250, 1615895593, 182345, 8
D, 250, 1615895593, 304850, 8 
R, 250, 1615895593 , 319419, 4 
S, 251, 1615895594, 133029, 8
D, 251, 1615895594, 254997, 8 
R, 251, 1615895594 , 269443, 4 
S, 252, 1615895595, 83712, 8
D, 252, 1615895595, 204982, 8 
R, 252, 1615895595 , 219057, 4 
S, 253, 1615895596, 34473, 8
D, 253, 1615895596, 154858, 8 
R, 253, 1615895596 , 168562, 4 
S, 254, 1615895596, 985204, 8
D, 254, 1615895597, 114841, 8 
R, 254, 1615895597 , 129324, 4 
S, 255, 1615895597, 935871, 8
D, 255, 1615895598, 54810, 8 
R, 255, 1615895598 , 69664, 4 
S, 256, 1615895598, 886526, 8
D, 256, 1615895599, 4844, 8 
R, 256, 1615895599 , 18775, 4 
S, 257, 1615895599, 837205, 8
D, 257, 1615895599, 964921, 8 
R, 257, 1615895599 , 980278, 4 
S, 258, 1615895600, 787876, 8
D, 258, 1615895600, 904884, 8 
R, 258, 1615895600 , 920059, 4 
S, 259, 1615895601, 738616, 8
D, 259, 1615895601, 854959, 8 
R, 259, 1615895601 , 869949, 4 
S, 260, 1615895602, 689305, 8
D, 260, 1615895602, 815007, 8 
R, 260, 1615895602 , 828843, 4 
S, 261, 1615895603, 639966, 8
D, 261, 1615895603, 764920, 8 
R, 261, 1615895603 , 779592, 4 
S, 262, 1615895604, 590649, 8
D, 262, 1615895604, 714894, 8 
R, 262, 1615895604 , 729961, 4 
S, 263, 1615895605, 541328, 8
D, 263, 1615895605, 664828, 8 
R, 263, 1615895605 , 679759, 4 
S, 264, 1615895606, 492084, 8
D, 264, 1615895606, 614852, 8 
R, 264, 1615895606 , 630153, 4 
S, 265, 1615895607, 442762, 8
D, 265, 1615895607, 564783, 8 
R, 265, 1615895607 , 579325, 4 
S, 266, 1615895608, 393433, 8
D, 266, 1615895608, 514817, 8 
R, 266, 1615895608 , 529372, 4 
S, 267, 1615895609, 344159, 8
D, 267, 1615895609, 464779, 8 
R, 267, 1615895609 , 478999, 4 
S, 268, 1615895610, 294853, 8
D, 268, 1615895610, 414842, 8 
R, 268, 1615895610 , 429444, 4 
S, 269, 1615895611, 245557, 8
D, 269, 1615895611, 364903, 8 
R, 269, 1615895611 , 379135, 4 
S, 270, 1615895612, 196299, 8
D, 270, 1615895612, 314852, 8 
R, 270, 1615895612 , 329604, 4 
S, 271, 1615895613, 146989, 8
D, 271, 1615895613, 264806, 8 
R, 271, 1615895613 , 279561, 4 
S, 272, 1615895614, 97757, 8
D, 272, 1615895614, 214822, 8 
R, 272, 1615895614 , 229964, 4 
S, 273, 1615895615, 48426, 8
D, 273, 1615895615, 164817, 8 
R, 273, 1615895615 , 179713, 4 
S, 274, 1615895615, 999101, 8
D, 274, 1615895616, 124796, 8 
R, 274, 1615895616 , 139343, 4 
S, 275, 1615895616, 949835, 8
D, 275, 1615895617, 64743, 8 
R, 275, 1615895617 , 79271, 4 
S, 276, 1615895617, 900491, 8
D, 276, 1615895618, 24856, 8 
R, 276, 1615895618 , 39364, 4 
S, 277, 1615895618, 851219, 8
D, 277, 1615895618, 974819, 8 
R, 277, 1615895618 , 990401, 4 
S, 278, 1615895619, 801915, 8
D, 278, 1615895619, 924886, 8 
R, 278, 1615895619 , 939506, 4 
S, 279, 1615895620, 752618, 8
D, 279, 1615895620, 874908, 8 
R, 279, 1615895620 , 889504, 4 
S, 280, 1615895621, 703351, 8
D, 280, 1615895621, 824809, 8 
R, 280, 1615895621 , 840433, 4 
S, 281, 1615895622, 654053, 8
D, 281, 1615895622, 774903, 8 
R, 281, 1615895622 , 790134, 4 
S, 282, 1615895623, 604739, 8
D, 282, 1615895623, 734765, 8 
R, 282, 1615895623 , 749259, 4 
S, 283, 1615895624, 555412, 8
D, 283, 1615895624, 684863, 8 
R, 283, 1615895624 , 698346, 4 
S, 284, 1615895625, 506095, 8
D, 284, 1615895625, 624838, 8 
R, 284, 1615895625 , 639026, 4 
S, 285, 1615895626, 456811, 8
D, 285, 1615895626, 584755, 8 
R, 285, 1615895626 , 598427, 4 
S, 286, 1615895627, 407507, 8
D, 286, 1615895627, 524780, 8 
R, 286, 1615895627 , 539800, 4 
S, 287, 1615895628, 358236, 8
D, 287, 1615895628, 474874, 8 
R, 287, 1615895628 , 489040, 4 
S, 288, 1615895629, 308931, 8
D, 288, 1615895629, 424787, 8 
R, 288, 1615895629 , 439399, 4 
S, 289, 1615895630, 259648, 8
D, 289, 1615895630, 384906, 8 
R, 289, 1615895630 , 400230, 4 
S, 290, 1615895631, 210346, 8
D, 290, 1615895631, 334895, 8 
R, 290, 1615895631 , 348558, 4 
S, 291, 1615895632, 161038, 8
D, 291, 1615895632, 284885, 8 
R, 291, 1615895632 , 298997, 4 
S, 292, 1615895633, 111728, 8
D, 292, 1615895633, 234870, 8 
R, 292, 1615895633 , 249480, 4 
S, 293, 1615895634, 62403, 8
D, 293, 1615895634, 184762, 8 
R, 293, 1615895634 , 198600, 4 
S, 294, 1615895635, 13087, 8
D, 294, 1615895635, 144807, 8 
R, 294, 1615895635 , 160074, 4 
S, 295, 1615895635, 963762, 8
D, 295, 1615895636, 84824, 8 
R, 295, 1615895636 , 99296, 4 
S, 296, 1615895636, 914578, 8
D, 296, 1615895637, 34891, 8 
R, 296, 1615895637 , 50949, 4 
S, 297, 1615895637, 865297, 8
D, 297, 1615895637, 994813, 8 
R, 297, 1615895638 , 9748, 4 
S, 298, 1615895638, 815999, 8
D, 298, 1615895638, 944845, 8 
R, 298, 1615895638 , 959889, 4 
S, 299, 1615895639, 766696, 8
D, 299, 1615895639, 894934, 8 
R, 299, 1615895639 , 908251, 4 
S, 300, 1615895640, 717396, 8
D, 300, 1615895640, 844911, 8 
R, 300, 1615895640 , 859374, 4 
S, 301, 1615895641, 668139, 8
D, 301, 1615895641, 794842, 8 
R, 301, 1615895641 , 808593, 4 
S, 302, 1615895642, 618920, 8
D, 302, 1615895642, 744863, 8 
R, 302, 1615895642 , 758812, 4 
S, 303, 1615895643, 569610, 8
D, 303, 1615895643, 694853, 8 
R, 303, 1615895643 , 709413, 4 
S, 304, 1615895644, 520355, 8
D, 304, 1615895644, 644863, 8 
R, 304, 1615895644 , 658548, 4 
S, 305, 1615895645, 471042, 8
D, 305, 1615895645, 594873, 8 
R, 305, 1615895645 , 608732, 4 
S, 306, 1615895646, 421781, 9
D, 306, 1615895646, 544921, 9 
R, 306, 1615895646 , 559854, 4 
S, 307, 1615895647, 372508, 9
D, 307, 1615895647, 494885, 9 
R, 307, 1615895647 , 510329, 4 
S, 308, 1615895648, 323198, 9
D, 308, 1615895648, 444890, 9 
R, 308, 1615895648 , 458820, 4 
S, 309, 1615895649, 273880, 9
D, 309, 1615895649, 394935, 9 
R, 309, 1615895649 , 408070, 4 
S, 310, 1615895650, 224679, 9
D, 310, 1615895650, 344860, 9 
R, 310, 1615895650 , 359105, 4 
S, 311, 1615895651, 175359, 9
D, 311, 1615895651, 294936, 9 
R, 311, 1615895651 , 309469, 4 
S, 312, 1615895652, 126120, 9
D, 312, 1615895652, 254819, 9 
R, 312, 1615895652 , 270402, 4 
S, 313, 1615895653, 76790, 9
D, 313, 1615895653, 204864, 9 
R, 313, 1615895653 , 219708, 4 
S, 314, 1615895654, 27486, 9
D, 314, 1615895654, 154838, 9 
R, 314, 1615895654 , 168344, 4 
S, 315, 1615895654, 978160, 9
D, 315, 1615895655, 104816, 9 
R, 315, 1615895655 , 118733, 4 
S, 316, 1615895655, 928836, 9
D, 316, 1615895656, 54813, 9 
R, 316, 1615895656 , 68506, 4 
S, 317, 1615895656, 879577, 9
D, 317, 1615895657, 4900, 9 
R, 317, 1615895657 , 18942, 4 
S, 318, 1615895657, 830277, 9
D, 318, 1615895657, 954880, 9 
R, 318, 1615895657 , 969401, 4 
S, 319, 1615895658, 780970, 9
D, 319, 1615895658, 904908, 9 
R, 319, 1615895658 , 920076, 4 
S, 320, 1615895659, 731631, 9
D, 320, 1615895659, 854956, 9 
R, 320, 1615895659 , 869747, 4 
S, 321, 1615895660, 682334, 9
D, 321, 1615895660, 804875, 9 
R, 321, 1615895660 , 819018, 4 
S, 322, 1615895661, 633062, 9
D, 322, 1615895661, 754880, 9 
R, 322, 1615895661 , 769479, 4 
S, 323, 1615895662, 583754, 9
D, 323, 1615895662, 704771, 9 
R, 323, 1615895662 , 719331, 4 
S, 324, 1615895663, 534533, 9
D, 324, 1615895663, 654844, 9 
R, 324, 1615895663 , 669887, 4 
S, 325, 1615895664, 485225, 9
D, 325, 1615895664, 604757, 9 
R, 325, 1615895664 , 618930, 4 
S, 326, 1615895665, 435912, 9
D, 326, 1615895665, 554889, 9 
R, 326, 1615895665 , 570047, 4 
S, 327, 1615895666, 386648, 9
D, 327, 1615895666, 504834, 9 
R, 327, 1615895666 , 519903, 4 
S, 328, 1615895667, 337363, 9
D, 328, 1615895667, 454933, 9 
R, 328, 1615895667 , 468495, 4 
S, 329, 1615895668, 288063, 9
D, 329, 1615895668, 404819, 9 
R, 329, 1615895668 , 418998, 4 
S, 330, 1615895669, 238749, 9
D, 330, 1615895669, 364930, 9 
R, 330, 1615895669 , 379309, 4 
S, 331, 1615895670, 189468, 9
D, 331, 1615895670, 304734, 9 
R, 331, 1615895670 , 318333, 4 
S, 332, 1615895671, 140134, 9
D, 332, 1615895671, 264874, 9 
R, 332, 1615895671 , 278387, 4 
S, 333, 1615895672, 90870, 9
D, 333, 1615895672, 214846, 9 
R, 333, 1615895672 , 229556, 4 
S, 334, 1615895673, 41554, 9
D, 334, 1615895673, 164792, 9 
R, 334, 1615895673 , 178765, 4 
S, 335, 1615895673, 992248, 9
D, 335, 1615895674, 114859, 9 
R, 335, 1615895674 , 129112, 4 
S, 336, 1615895674, 943019, 9
D, 336, 1615895675, 64823, 9 
R, 336, 1615895675 , 80322, 4 
S, 337, 1615895675, 893716, 9
D, 337, 1615895676, 14913, 9 
R, 337, 1615895676 , 29481, 4 
S, 338, 1615895676, 844492, 9
D, 338, 1615895676, 964914, 9 
R, 338, 1615895676 , 979266, 4 
S, 339, 1615895677, 795208, 9
D, 339, 1615895677, 914991, 9 
R, 339, 1615895677 , 929799, 4 
S, 340, 1615895678, 745970, 9
D, 340, 1615895678, 864807, 9 
R, 340, 1615895678 , 879979, 4 
S, 341, 1615895679, 696653, 9
D, 341, 1615895679, 814869, 9 
R, 341, 1615895679 , 829082, 4 
S, 342, 1615895680, 647331, 9
D, 342, 1615895680, 764778, 9 
R, 342, 1615895680 , 778991, 4 
S, 343, 1615895681, 598057, 9
D, 343, 1615895681, 724832, 9 
R, 343, 1615895681 , 739117, 4 
S, 344, 1615895682, 548738, 9
D, 344, 1615895682, 674868, 9 
R, 344, 1615895682 , 688714, 4 
S, 345, 1615895683, 499433, 9
D, 345, 1615895683, 624789, 9 
R, 345, 1615895683 , 639352, 4 
S, 346, 1615895684, 450140, 9
D, 346, 1615895684, 574901, 9 
R, 346, 1615895684 , 588782, 4 
S, 347, 1615895685, 400891, 9
D, 347, 1615895685, 524887, 9 
R, 347, 1615895685 , 539251, 4 
S, 348, 1615895686, 351651, 9
D, 348, 1615895686, 474934, 9 
R, 348, 1615895686 , 490386, 4 
S, 349, 1615895687, 302346, 9
D, 349, 1615895687, 424977, 9 
R, 349, 1615895687 , 439500, 4 
S, 350, 1615895688, 253028, 9
D, 350, 1615895688, 374770, 9 
R, 350, 1615895688 , 389458, 4 
S, 351, 1615895689, 203689, 9
D, 351, 1615895689, 324816, 9 
R, 351, 1615895689 , 340661, 4 
S, 352, 1615895690, 154463, 9
D, 352, 1615895690, 284866, 9 
R, 352, 1615895690 , 299686, 4 
S, 353, 1615895691, 105140, 9
D, 353, 1615895691, 224841, 9 
R, 353, 1615895691 , 239766, 4 
S, 354, 1615895692, 55882, 9
D, 354, 1615895692, 174925, 9 
R, 354, 1615895692 , 188737, 4 
S, 355, 1615895693, 6576, 9
D, 355, 1615895693, 124808, 9 
R, 355, 1615895693 , 138574, 4 
S, 356, 1615895693, 957296, 9
D, 356, 1615895694, 74936, 9 
R, 356, 1615895694 , 89810, 4 
S, 357, 1615895694, 908021, 9
D, 357, 1615895695, 34984, 9 
R, 357, 1615895695 , 49368, 4 
S, 358, 1615895695, 858728, 9
D, 358, 1615895695, 984831, 9 
R, 358, 1615895695 , 999194, 4 
S, 359, 1615895696, 809486, 9
D, 359, 1615895696, 934840, 9 
R, 359, 1615895696 , 949016, 4 
S, 360, 1615895697, 760169, 9
D, 360, 1615895697, 884855, 9 
R, 360, 1615895697 , 900089, 4 
S, 361, 1615895698, 710852, 9
D, 361, 1615895698, 834925, 9 
R, 361, 1615895698 , 850071, 4 
S, 362, 1615895699, 661544, 9
D, 362, 1615895699, 784834, 9 
R, 362, 1615895699 , 798081, 4 
S, 363, 1615895700, 612211, 9
D, 363, 1615895700, 734888, 9 
R, 363, 1615895700 , 749042, 4 
S, 364, 1615895701, 562968, 9
D, 364, 1615895701, 685000, 9 
R, 364, 1615895701 , 700138, 4 
S, 365, 1615895702, 513783, 9
D, 365, 1615895702, 634923, 9 
R, 365, 1615895702 , 649967, 4 
S, 366, 1615895703, 464607, 9
D, 366, 1615895703, 584850, 9 
R, 366, 1615895703 , 599810, 4 
S, 367, 1615895704, 415326, 9
D, 367, 1615895704, 544942, 9 
R, 367, 1615895704 , 559482, 4 
S, 368, 1615895705, 366096, 9
D, 368, 1615895705, 484940, 9 
R, 368, 1615895705 , 500324, 4 
S, 369, 1615895706, 316806, 9
D, 369, 1615895706, 434852, 9 
R, 369, 1615895706 , 448970, 4 
S, 370, 1615895707, 267476, 9
D, 370, 1615895707, 394880, 9 
R, 370, 1615895707 , 408429, 4 
S, 371, 1615895708, 218174, 9
D, 371, 1615895708, 344858, 9 
R, 371, 1615895708 , 358819, 4 
S, 372, 1615895709, 168856, 9
D, 372, 1615895709, 294841, 9 
R, 372, 1615895709 , 308776, 4 
S, 373, 1615895710, 119578, 9
D, 373, 1615895710, 244966, 9 
R, 373, 1615895710 , 258985, 4 
S, 374, 1615895711, 70304, 9
D, 374, 1615895711, 194950, 9 
R, 374, 1615895711 , 208875, 4 
S, 375, 1615895712, 21085, 9
D, 375, 1615895712, 144881, 9 
R, 375, 1615895712 , 160095, 4 
S, 376, 1615895712, 971824, 9
D, 376, 1615895713, 94891, 9 
R, 376, 1615895713 , 109299, 4 
S, 377, 1615895713, 922484, 9
D, 377, 1615895714, 44964, 9 
R, 377, 1615895714 , 59829, 4 
S, 378, 1615895714, 873185, 9
D, 378, 1615895715, 4873, 9 
R, 378, 1615895715 , 19612, 4 
S, 379, 1615895715, 823865, 9
D, 379, 1615895715, 944852, 9 
R, 379, 1615895715 , 960458, 4 
S, 380, 1615895716, 774668, 9
D, 380, 1615895716, 904749, 9 
R, 380, 1615895716 , 919943, 4 
S, 381, 1615895717, 725343, 9
D, 381, 1615895717, 844770, 9 
R, 381, 1615895717 , 859426, 4 
S, 382, 1615895718, 676038, 9
D, 382, 1615895718, 794914, 9 
R, 382, 1615895718 , 809208, 4 
S, 383, 1615895719, 626759, 9
D, 383, 1615895719, 754947, 9 
R, 383, 1615895719 , 769388, 4 
S, 384, 1615895720, 577497, 9
D, 384, 1615895720, 704937, 9 
R, 384, 1615895720 , 718559, 4 
S, 385, 1615895721, 528259, 9
D, 385, 1615895721, 644833, 9 
R, 385, 1615895721 , 660578, 4 
S, 386, 1615895722, 478980, 9
D, 386, 1615895722, 604879, 9 
R, 386, 1615895722 , 619460, 4 
S, 387, 1615895723, 429666, 9
D, 387, 1615895723, 544859, 9 
R, 387, 1615895723 , 559626, 4 
S, 388, 1615895724, 380339, 9
D, 388, 1615895724, 504910, 9 
R, 388, 1615895724 , 519382, 4 
S, 389, 1615895725, 331022, 9
D, 389, 1615895725, 454840, 9 
R, 389, 1615895725 , 469239, 4 
S, 390, 1615895726, 281715, 9
D, 390, 1615895726, 404867, 9 
R, 390, 1615895726 , 419676, 4 
S, 391, 1615895727, 232426, 9
D, 391, 1615895727, 354765, 9 
R, 391, 1615895727 , 369418, 4 
S, 392, 1615895728, 183128, 9
D, 392, 1615895728, 304896, 9 
R, 392, 1615895728 , 320395, 4 
S, 393, 1615895729, 133860, 9
D, 393, 1615895729, 254958, 9 
R, 393, 1615895729 , 267856, 4 
S, 394, 1615895730, 84669, 9
D, 394, 1615895730, 204831, 9 
R, 394, 1615895730 , 219281, 4 
S, 395, 1615895731, 35394, 9
D, 395, 1615895731, 154918, 9 
R, 395, 1615895731 , 169578, 4 
S, 396, 1615895731, 986134, 9
D, 396, 1615895732, 104936, 9 
R, 396, 1615895732 , 118807, 4 
S, 397, 1615895732, 936812, 9
D, 397, 1615895733, 64863, 9 
R, 397, 1615895733 , 78434, 4 
S, 398, 1615895733, 887474, 9
D, 398, 1615895734, 4825, 9 
R, 398, 1615895734 , 19199, 4 
S, 399, 1615895734, 838178, 9
D, 399, 1615895734, 964840, 9 
R, 399, 1615895734 , 980087, 4 
S, 400, 1615895735, 788891, 9
D, 400, 1615895735, 914883, 9 
R, 400, 1615895735 , 930039, 4 
S, 401, 1615895736, 739624, 9
D, 401, 1615895736, 864907, 9 
R, 401, 1615895736 , 879723, 4 
S, 402, 1615895737, 690351, 9
D, 402, 1615895737, 814870, 9 
R, 402, 1615895737 , 829523, 4 
S, 403, 1615895738, 641099, 9
D, 403, 1615895738, 764964, 9 
R, 403, 1615895738 , 778739, 4 
S, 404, 1615895739, 591850, 9
D, 404, 1615895739, 714933, 9 
R, 404, 1615895739 , 729929, 4 
S, 405, 1615895740, 542568, 9
D, 405, 1615895740, 664948, 9 
R, 405, 1615895740 , 679774, 4 
S, 406, 1615895741, 493302, 9
D, 406, 1615895741, 614902, 9 
R, 406, 1615895741 , 629630, 4 
S, 407, 1615895742, 444061, 9
D, 407, 1615895742, 564901, 9 
R, 407, 1615895742 , 579256, 4 
S, 408, 1615895743, 394770, 9
D, 408, 1615895743, 524820, 9 
R, 408, 1615895743 , 540185, 4 
S, 409, 1615895744, 345429, 9
D, 409, 1615895744, 464785, 9 
R, 409, 1615895744 , 479103, 4 
S, 410, 1615895745, 296105, 9
D, 410, 1615895745, 424897, 9 
R, 410, 1615895745 , 438705, 4 
S, 411, 1615895746, 246798, 9
D, 411, 1615895746, 374806, 9 
R, 411, 1615895746 , 388526, 4 
S, 412, 1615895747, 197537, 9
D, 412, 1615895747, 324781, 9 
R, 412, 1615895747 , 339487, 4 
S, 413, 1615895748, 148313, 9
D, 413, 1615895748, 274955, 9 
R, 413, 1615895748 , 288708, 4 
S, 414, 1615895749, 99035, 9
D, 414, 1615895749, 224958, 9 
R, 414, 1615895749 , 239115, 4 
S, 415, 1615895750, 49783, 9
D, 415, 1615895750, 174974, 9 
R, 415, 1615895750 , 188418, 4 
S, 416, 1615895751, 507, 9
D, 416, 1615895751, 125005, 9 
R, 416, 1615895751 , 139536, 4 
S, 417, 1615895751, 951277, 9
D, 417, 1615895752, 74853, 9 
R, 417, 1615895752 , 89332, 4 
S, 418, 1615895752, 901967, 9
D, 418, 1615895753, 24793, 9 
R, 418, 1615895753 , 40073, 4 
S, 419, 1615895753, 852648, 9
D, 419, 1615895753, 974871, 9 
R, 419, 1615895753 , 989780, 4 
S, 420, 1615895754, 803340, 9
D, 420, 1615895754, 924852, 9 
R, 420, 1615895754 , 939694, 4 
S, 421, 1615895755, 754023, 9
D, 421, 1615895755, 874770, 9 
R, 421, 1615895755 , 888886, 4 
S, 422, 1615895756, 704777, 9
D, 422, 1615895756, 824888, 9 
R, 422, 1615895756 , 839213, 4 
S, 423, 1615895757, 655486, 9
D, 423, 1615895757, 774972, 9 
R, 423, 1615895757 , 788427, 4 
S, 424, 1615895758, 606255, 9
D, 424, 1615895758, 724841, 9 
R, 424, 1615895758 , 739532, 4 
S, 425, 1615895759, 556991, 9
D, 425, 1615895759, 684985, 9 
R, 425, 1615895759 , 699821, 4 
S, 426, 1615895760, 507677, 9
D, 426, 1615895760, 624870, 9 
R, 426, 1615895760 , 639463, 4 
S, 427, 1615895761, 458421, 9
D, 427, 1615895761, 584890, 9 
R, 427, 1615895761 , 598428, 4 
S, 428, 1615895762, 409196, 9
D, 428, 1615895762, 534846, 9 
R, 428, 1615895762 , 548952, 4 
S, 429, 1615895763, 359906, 9
D, 429, 1615895763, 484872, 9 
R, 429, 1615895763 , 500059, 4 
S, 430, 1615895764, 310639, 9
D, 430, 1615895764, 434856, 9 
R, 430, 1615895764 , 450515, 4 
S, 431, 1615895765, 261404, 9
D, 431, 1615895765, 384781, 9 
R, 431, 1615895765 , 399736, 4 
S, 432, 1615895766, 212138, 9
D, 432, 1615895766, 334957, 9 
R, 432, 1615895766 , 349526, 4 
S, 433, 1615895767, 162919, 9
D, 433, 1615895767, 284971, 9 
R, 433, 1615895767 , 299409, 4 
S, 434, 1615895768, 113665, 9
D, 434, 1615895768, 234939, 9 
R, 434, 1615895768 , 248493, 4 
S, 435, 1615895769, 64476, 9
D, 435, 1615895769, 194996, 9 
R, 435, 1615895769 , 209304, 4 
S, 436, 1615895770, 15183, 9
D, 436, 1615895770, 134929, 9 
R, 436, 1615895770 , 148949, 4 
S, 437, 1615895770, 965901, 9
D, 437, 1615895771, 84817, 9 
R, 437, 1615895771 , 100116, 4 
S, 438, 1615895771, 916640, 9
D, 438, 1615895772, 34847, 9 
R, 438, 1615895772 , 48713, 4 
S, 439, 1615895772, 867328, 9
D, 439, 1615895772, 994846, 9 
R, 439, 1615895773 , 9634, 4 
S, 440, 1615895773, 818015, 9
D, 440, 1615895773, 944852, 9 
R, 440, 1615895773 , 958487, 4 
S, 441, 1615895774, 768754, 9
D, 441, 1615895774, 894918, 9 
R, 441, 1615895774 , 909676, 4 
S, 442, 1615895775, 719482, 9
D, 442, 1615895775, 844943, 9 
R, 442, 1615895775 , 859181, 4 
S, 443, 1615895776, 670265, 9
D, 443, 1615895776, 794978, 9 
R, 443, 1615895776 , 809582, 4 
S, 444, 1615895777, 620981, 9
D, 444, 1615895777, 744862, 9 
R, 444, 1615895777 , 758696, 4 
S, 445, 1615895778, 571720, 9
D, 445, 1615895778, 695021, 9 
R, 445, 1615895778 , 709778, 4 
S, 446, 1615895779, 522418, 9
D, 446, 1615895779, 644775, 9 
R, 446, 1615895779 , 658431, 4 
S, 447, 1615895780, 473085, 9
D, 447, 1615895780, 594909, 9 
R, 447, 1615895780 , 608388, 4 
S, 448, 1615895781, 423774, 9
D, 448, 1615895781, 544937, 9 
R, 448, 1615895781 , 559489, 4 
S, 449, 1615895782, 374493, 9
D, 449, 1615895782, 494861, 9 
R, 449, 1615895782 , 508619, 4 
S, 450, 1615895783, 325205, 9
D, 450, 1615895783, 454852, 9 
R, 450, 1615895783 , 469291, 4 
S, 451, 1615895784, 275910, 9
D, 451, 1615895784, 404908, 9 
R, 451, 1615895784 , 420456, 4 
S, 452, 1615895785, 226653, 9
D, 452, 1615895785, 344891, 9 
R, 452, 1615895785 , 358295, 4 
S, 453, 1615895786, 177410, 9
D, 453, 1615895786, 304965, 9 
R, 453, 1615895786 , 318894, 4 
S, 454, 1615895787, 128166, 9
D, 454, 1615895787, 244872, 9 
R, 454, 1615895787 , 259177, 4 
S, 455, 1615895788, 78859, 9
D, 455, 1615895788, 204920, 9 
R, 455, 1615895788 , 219870, 4 
S, 456, 1615895789, 29547, 9
D, 456, 1615895789, 154850, 9 
R, 456, 1615895789 , 169860, 4 
S, 457, 1615895789, 980228, 9
D, 457, 1615895790, 104857, 9 
R, 457, 1615895790 , 119843, 4 
S, 458, 1615895790, 930904, 9
D, 458, 1615895791, 54851, 9 
R, 458, 1615895791 , 69059, 4 
S, 459, 1615895791, 881665, 9
D, 459, 1615895792, 4780, 9 
R, 459, 1615895792 , 20258, 4 
S, 460, 1615895792, 832374, 9
D, 460, 1615895792, 954929, 9 
R, 460, 1615895792 , 969997, 4 
S, 461, 1615895793, 783085, 9
D, 461, 1615895793, 914918, 9 
R, 461, 1615895793 , 930078, 4 
S, 462, 1615895794, 733820, 9
D, 462, 1615895794, 854987, 9 
R, 462, 1615895794 , 868364, 4 
S, 463, 1615895795, 684687, 9
D, 463, 1615895795, 804997, 9 
R, 463, 1615895795 , 818923, 4 
S, 464, 1615895796, 635443, 9
D, 464, 1615895796, 754967, 9 
R, 464, 1615895796 , 768732, 4 
S, 465, 1615895797, 586150, 9
D, 465, 1615895797, 704770, 9 
R, 465, 1615895797 , 719323, 4 
S, 466, 1615895798, 536878, 9
D, 466, 1615895798, 664822, 9 
R, 466, 1615895798 , 679488, 4 
S, 467, 1615895799, 487598, 9
D, 467, 1615895799, 614896, 9 
R, 467, 1615895799 , 629294, 4 
S, 468, 1615895800, 438284, 9
D, 468, 1615895800, 564863, 9 
R, 468, 1615895800 , 580579, 4 
S, 469, 1615895801, 388972, 9
D, 469, 1615895801, 514987, 9 
R, 469, 1615895801 , 528864, 4 
S, 470, 1615895802, 339705, 9
D, 470, 1615895802, 464922, 9 
R, 470, 1615895802 , 479358, 4 
S, 471, 1615895803, 290436, 9
D, 471, 1615895803, 414925, 9 
R, 471, 1615895803 , 429230, 4 
S, 472, 1615895804, 241187, 9
D, 472, 1615895804, 365018, 9 
R, 472, 1615895804 , 379759, 4 
S, 473, 1615895805, 191929, 9
D, 473, 1615895805, 314965, 9 
R, 473, 1615895805 , 329550, 4 
S, 474, 1615895806, 142639, 9
D, 474, 1615895806, 265062, 9 
R, 474, 1615895806 , 278968, 4 
S, 475, 1615895807, 93412, 9
D, 475, 1615895807, 214854, 9 
R, 475, 1615895807 , 229612, 4 
S, 476, 1615895808, 44159, 9
D, 476, 1615895808, 164894, 9 
R, 476, 1615895808 , 180716, 4 
S, 477, 1615895808, 994875, 9
D, 477, 1615895809, 114862, 9 
R, 477, 1615895809 , 129850, 4 
S, 478, 1615895809, 945565, 9
D, 478, 1615895810, 74758, 9 
R, 478, 1615895810 , 88766, 4 
S, 479, 1615895810, 896276, 9
D, 479, 1615895811, 14903, 9 
R, 479, 1615895811 , 30064, 4 
S, 480, 1615895811, 847020, 9
D, 480, 1615895811, 964844, 9 
R, 480, 1615895811 , 979300, 4 
S, 481, 1615895812, 797752, 9
D, 481, 1615895812, 914926, 9 
R, 481, 1615895812 , 928445, 4 
S, 482, 1615895813, 748465, 9
D, 482, 1615895813, 875056, 9 
R, 482, 1615895813 , 888636, 4 
S, 483, 1615895814, 699217, 9
D, 483, 1615895814, 824994, 9 
R, 483, 1615895814 , 839793, 4 
S, 484, 1615895815, 649917, 9
D, 484, 1615895815, 764792, 9 
R, 484, 1615895815 , 779562, 4 
S, 485, 1615895816, 600661, 9
D, 485, 1615895816, 724866, 9 
R, 485, 1615895816 , 738988, 4 
S, 486, 1615895817, 551348, 9
D, 486, 1615895817, 674935, 9 
R, 486, 1615895817 , 689417, 4 
S, 487, 1615895818, 502059, 9
D, 487, 1615895818, 624770, 9 
R, 487, 1615895818 , 639266, 4 
S, 488, 1615895819, 452757, 9
D, 488, 1615895819, 574884, 9 
R, 488, 1615895819 , 590294, 4 
S, 489, 1615895820, 403548, 9
D, 489, 1615895820, 524996, 9 
R, 489, 1615895820 , 540205, 4 
S, 490, 1615895821, 354291, 9
D, 490, 1615895821, 484992, 9 
R, 490, 1615895821 , 499260, 4 
S, 491, 1615895822, 305109, 9
D, 491, 1615895822, 434907, 9 
R, 491, 1615895822 , 449758, 4 
S, 492, 1615895823, 255859, 9
D, 492, 1615895823, 375021, 9 
R, 492, 1615895823 , 390510, 4 
S, 493, 1615895824, 206532, 9
D, 493, 1615895824, 324959, 9 
R, 493, 1615895824 , 339678, 4 
S, 494, 1615895825, 157234, 9
D, 494, 1615895825, 284854, 9 
R, 494, 1615895825 , 299388, 4 
S, 495, 1615895826, 107996, 9
D, 495, 1615895826, 234860, 9 
R, 495, 1615895826 , 250584, 4 
S, 496, 1615895827, 58735, 9
D, 496, 1615895827, 184818, 9 
R, 496, 1615895827 , 199233, 4 
S, 497, 1615895828, 9423, 9
D, 497, 1615895828, 124843, 9 
R, 497, 1615895828 , 139262, 4 
S, 498, 1615895828, 960175, 9
D, 498, 1615895829, 84837, 9 
R, 498, 1615895829 , 99947, 4 
S, 499, 1615895829, 910905, 9
D, 499, 1615895830, 35010, 9 
R, 499, 1615895830 , 50433, 4 
S, 500, 1615895830, 861679, 9
D, 500, 1615895830, 984848, 9 
R, 500, 1615895830 , 999838, 4 
S, 501, 1615895831, 812437, 9
D, 501, 1615895831, 935265, 9 
R, 501, 1615895831 , 950249, 4 
S, 502, 1615895832, 763137, 9
D, 502, 1615895832, 885024, 9 
R, 502, 1615895832 , 898813, 4 
S, 503, 1615895833, 713844, 9
D, 503, 1615895833, 834923, 9 
R, 503, 1615895833 , 848643, 4 
S, 504, 1615895834, 664603, 9
D, 504, 1615895834, 794855, 9 
R, 504, 1615895834 , 809510, 4 
S, 505, 1615895835, 615284, 9
D, 505, 1615895835, 744848, 9 
R, 505, 1615895835 , 759490, 4 
S, 506, 1615895836, 566021, 9
D, 506, 1615895836, 694851, 9 
R, 506, 1615895836 , 708771, 4 
S, 507, 1615895837, 516726, 9
D, 507, 1615895837, 644954, 9 
R, 507, 1615895837 , 659739, 4 
S, 508, 1615895838, 467472, 9
D, 508, 1615895838, 594979, 9 
R, 508, 1615895838 , 610271, 4 
S, 509, 1615895839, 418256, 9
D, 509, 1615895839, 545001, 9 
R, 509, 1615895839 , 558875, 4 
S, 510, 1615895840, 368999, 9
D, 510, 1615895840, 494968, 9 
R, 510, 1615895840 , 509977, 4 
S, 511, 1615895841, 319744, 9
D, 511, 1615895841, 445066, 9 
R, 511, 1615895841 , 459991, 4 
S, 512, 1615895842, 270498, 9
D, 512, 1615895842, 395023, 9 
R, 512, 1615895842 , 409180, 4 
S, 513, 1615895843, 221217, 9
D, 513, 1615895843, 344891, 9 
R, 513, 1615895843 , 359166, 4 
S, 514, 1615895844, 171888, 9
D, 514, 1615895844, 294806, 9 
R, 514, 1615895844 , 309051, 4 
S, 515, 1615895845, 122580, 9
D, 515, 1615895845, 244792, 9 
R, 515, 1615895845 , 259581, 4 
S, 516, 1615895846, 73304, 9
D, 516, 1615895846, 194795, 9 
R, 516, 1615895846 , 209460, 4 
S, 517, 1615895847, 24053, 9
D, 517, 1615895847, 144903, 9 
R, 517, 1615895847 , 160491, 4 
S, 518, 1615895847, 974813, 9
D, 518, 1615895848, 94939, 9 
R, 518, 1615895848 , 109508, 4 
S, 519, 1615895848, 925558, 9
D, 519, 1615895849, 45006, 9 
R, 519, 1615895849 , 59406, 4 
