Type, Id paq, time stamp segundos, micro, long paq 
S, 0, 1615892554, 494812, 10
R, 0, 1615892554 , 517532, 4 
D, 0, 1615892554, 518007, 10 
S, 1, 1615892555, 345422, 10
R, 1, 1615892555 , 414230, 4 
D, 1, 1615892555, 414586, 10 
S, 2, 1615892556, 195994, 10
R, 2, 1615892556 , 264191, 4 
D, 2, 1615892556, 264539, 10 
S, 3, 1615892557, 46547, 10
R, 3, 1615892557 , 114258, 4 
D, 3, 1615892557, 114642, 10 
S, 4, 1615892557, 897173, 10
R, 4, 1615892557 , 964201, 4 
D, 4, 1615892557, 964567, 10 
S, 5, 1615892558, 747740, 10
R, 5, 1615892558 , 814212, 4 
D, 5, 1615892558, 814579, 10 
S, 6, 1615892559, 598289, 10
R, 6, 1615892559 , 664182, 4 
D, 6, 1615892559, 664559, 10 
S, 7, 1615892560, 449000, 10
R, 7, 1615892560 , 514191, 4 
D, 7, 1615892560, 514537, 10 
S, 8, 1615892561, 299604, 10
R, 8, 1615892561 , 364193, 4 
D, 8, 1615892561, 364532, 10 
S, 9, 1615892562, 150166, 10
R, 9, 1615892562 , 214176, 4 
D, 9, 1615892562, 214538, 10 
S, 10, 1615892563, 819, 10
R, 10, 1615892563 , 64165, 4 
D, 10, 1615892563, 64504, 10 
S, 11, 1615892563, 851364, 10
R, 11, 1615892563 , 914233, 4 
D, 11, 1615892563, 914573, 10 
S, 12, 1615892564, 701929, 10
R, 12, 1615892564 , 764196, 4 
D, 12, 1615892564, 764566, 10 
S, 13, 1615892565, 552506, 10
R, 13, 1615892565 , 614240, 4 
D, 13, 1615892565, 614554, 10 
S, 14, 1615892566, 403064, 10
R, 14, 1615892566 , 464126, 4 
D, 14, 1615892566, 464440, 10 
S, 15, 1615892567, 253606, 10
R, 15, 1615892567 , 314263, 4 
D, 15, 1615892567, 314592, 10 
S, 16, 1615892568, 104203, 10
R, 16, 1615892568 , 174253, 4 
D, 16, 1615892568, 174572, 10 
S, 17, 1615892568, 954761, 10
R, 17, 1615892569 , 24173, 4 
D, 17, 1615892569, 24482, 10 
S, 18, 1615892569, 805304, 10
R, 18, 1615892569 , 874209, 4 
D, 18, 1615892569, 874538, 10 
S, 19, 1615892570, 655868, 10
R, 19, 1615892570 , 724217, 4 
D, 19, 1615892570, 724562, 10 
S, 20, 1615892571, 506432, 10
R, 20, 1615892571 , 574250, 4 
D, 20, 1615892571, 574560, 10 
S, 21, 1615892572, 356991, 10
R, 21, 1615892572 , 424230, 4 
D, 21, 1615892572, 424569, 10 
S, 22, 1615892573, 207608, 10
R, 22, 1615892573 , 274228, 4 
D, 22, 1615892573, 274547, 10 
S, 23, 1615892574, 58167, 10
R, 23, 1615892574 , 124197, 4 
D, 23, 1615892574, 124514, 10 
S, 24, 1615892574, 908719, 10
R, 24, 1615892574 , 974208, 4 
D, 24, 1615892574, 974533, 10 
S, 25, 1615892575, 759252, 10
R, 25, 1615892575 , 824268, 4 
D, 25, 1615892575, 824606, 10 
S, 26, 1615892576, 609831, 10
R, 26, 1615892576 , 674215, 4 
D, 26, 1615892576, 674531, 10 
S, 27, 1615892577, 460425, 10
R, 27, 1615892577 , 524247, 4 
D, 27, 1615892577, 524573, 10 
S, 28, 1615892578, 311036, 10
R, 28, 1615892578 , 374265, 4 
D, 28, 1615892578, 374581, 10 
S, 29, 1615892579, 161608, 10
R, 29, 1615892579 , 224289, 4 
D, 29, 1615892579, 224605, 10 
S, 30, 1615892580, 12144, 10
R, 30, 1615892580 , 74161, 4 
D, 30, 1615892580, 74472, 10 
S, 31, 1615892580, 862688, 10
R, 31, 1615892580 , 924204, 4 
D, 31, 1615892580, 924525, 10 
S, 32, 1615892581, 713233, 10
R, 32, 1615892581 , 784213, 4 
D, 32, 1615892581, 784568, 10 
S, 33, 1615892582, 563945, 10
R, 33, 1615892582 , 634230, 4 
D, 33, 1615892582, 634552, 10 
S, 34, 1615892583, 414567, 10
R, 34, 1615892583 , 484244, 4 
D, 34, 1615892583, 484559, 10 
S, 35, 1615892584, 265126, 10
R, 35, 1615892584 , 334500, 4 
D, 35, 1615892584, 334818, 10 
S, 36, 1615892585, 115678, 10
R, 36, 1615892585 , 185036, 4 
D, 36, 1615892585, 185646, 10 
S, 37, 1615892585, 966213, 10
R, 37, 1615892586 , 35135, 4 
D, 37, 1615892586, 35784, 10 
S, 38, 1615892586, 816802, 10
R, 38, 1615892586 , 885064, 4 
D, 38, 1615892586, 892592, 10 
S, 39, 1615892587, 667362, 10
R, 39, 1615892587 , 735119, 4 
D, 39, 1615892587, 735757, 10 
S, 40, 1615892588, 517966, 10
R, 40, 1615892588 , 585133, 4 
D, 40, 1615892588, 585760, 10 
S, 41, 1615892589, 368528, 10
R, 41, 1615892589 , 435197, 4 
D, 41, 1615892589, 435844, 10 
S, 42, 1615892590, 219052, 10
R, 42, 1615892590 , 285086, 4 
D, 42, 1615892590, 285699, 10 
S, 43, 1615892591, 69590, 10
R, 43, 1615892591 , 135097, 4 
D, 43, 1615892591, 135732, 10 
S, 44, 1615892591, 920180, 10
R, 44, 1615892591 , 985105, 4 
D, 44, 1615892591, 992625, 10 
S, 45, 1615892592, 770827, 10
R, 45, 1615892592 , 835091, 4 
D, 45, 1615892592, 835728, 10 
S, 46, 1615892593, 621445, 10
R, 46, 1615892593 , 684985, 4 
D, 46, 1615892593, 685603, 10 
S, 47, 1615892594, 472004, 10
R, 47, 1615892594 , 534824, 4 
D, 47, 1615892594, 535451, 10 
S, 48, 1615892595, 322556, 10
R, 48, 1615892595 , 385027, 4 
D, 48, 1615892595, 385645, 10 
S, 49, 1615892596, 173093, 10
R, 49, 1615892596 , 235032, 4 
D, 49, 1615892596, 235648, 10 
S, 50, 1615892597, 23632, 10
R, 50, 1615892597 , 95090, 4 
D, 50, 1615892597, 100621, 10 
S, 51, 1615892597, 874186, 10
R, 51, 1615892597 , 945155, 4 
D, 51, 1615892597, 945804, 10 
S, 52, 1615892598, 724775, 10
R, 52, 1615892598 , 795102, 4 
D, 52, 1615892598, 795720, 10 
S, 53, 1615892599, 575322, 10
R, 53, 1615892599 , 645049, 4 
D, 53, 1615892599, 645658, 10 
S, 54, 1615892600, 425855, 10
R, 54, 1615892600 , 494245, 4 
D, 54, 1615892600, 494554, 10 
S, 55, 1615892601, 276389, 10
R, 55, 1615892601 , 344202, 4 
D, 55, 1615892601, 344510, 10 
S, 56, 1615892602, 126935, 10
R, 56, 1615892602 , 194185, 4 
D, 56, 1615892602, 194527, 10 
S, 57, 1615892602, 977499, 10
R, 57, 1615892603 , 44163, 4 
D, 57, 1615892603, 44504, 10 
S, 58, 1615892603, 828083, 10
R, 58, 1615892603 , 894257, 4 
D, 58, 1615892603, 894572, 10 
S, 59, 1615892604, 678629, 10
R, 59, 1615892604 , 744201, 4 
D, 59, 1615892604, 744512, 10 
S, 60, 1615892605, 529166, 10
R, 60, 1615892605 , 594209, 4 
D, 60, 1615892605, 594526, 10 
S, 61, 1615892606, 379733, 10
R, 61, 1615892606 , 444215, 4 
D, 61, 1615892606, 444524, 10 
S, 62, 1615892607, 230292, 10
R, 62, 1615892607 , 294289, 4 
D, 62, 1615892607, 294621, 10 
S, 63, 1615892608, 80909, 10
R, 63, 1615892608 , 144161, 4 
D, 63, 1615892608, 144506, 10 
S, 64, 1615892608, 931509, 10
R, 64, 1615892608 , 994142, 4 
D, 64, 1615892608, 994481, 10 
S, 65, 1615892609, 782075, 10
R, 65, 1615892609 , 844208, 4 
D, 65, 1615892609, 844523, 10 
S, 66, 1615892610, 632630, 10
R, 66, 1615892610 , 694182, 4 
D, 66, 1615892610, 694517, 10 
S, 67, 1615892611, 483201, 10
R, 67, 1615892611 , 544217, 4 
D, 67, 1615892611, 544530, 10 
S, 68, 1615892612, 333851, 10
R, 68, 1615892612 , 404236, 4 
D, 68, 1615892612, 404558, 10 
S, 69, 1615892613, 184465, 10
R, 69, 1615892613 , 254202, 4 
D, 69, 1615892613, 254542, 10 
S, 70, 1615892614, 35023, 10
R, 70, 1615892614 , 104230, 4 
D, 70, 1615892614, 104553, 10 
S, 71, 1615892614, 885587, 10
R, 71, 1615892614 , 954208, 4 
D, 71, 1615892614, 954551, 10 
S, 72, 1615892615, 736150, 10
R, 72, 1615892615 , 804201, 4 
D, 72, 1615892615, 804522, 10 
S, 73, 1615892616, 586706, 10
R, 73, 1615892616 , 654281, 4 
D, 73, 1615892616, 654600, 10 
S, 74, 1615892617, 437239, 10
R, 74, 1615892617 , 504263, 4 
D, 74, 1615892617, 504596, 10 
S, 75, 1615892618, 287833, 10
R, 75, 1615892618 , 354198, 4 
D, 75, 1615892618, 354512, 10 
S, 76, 1615892619, 138392, 10
R, 76, 1615892619 , 204184, 4 
D, 76, 1615892619, 204499, 10 
S, 77, 1615892619, 988935, 10
R, 77, 1615892620 , 54254, 4 
D, 77, 1615892620, 54577, 10 
S, 78, 1615892620, 839479, 10
R, 78, 1615892620 , 904244, 4 
D, 78, 1615892620, 904578, 10 
S, 79, 1615892621, 690086, 10
R, 79, 1615892621 , 754260, 4 
D, 79, 1615892621, 754579, 10 
S, 80, 1615892622, 540641, 10
R, 80, 1615892622 , 604172, 4 
D, 80, 1615892622, 604508, 10 
S, 81, 1615892623, 391302, 10
R, 81, 1615892623 , 454082, 4 
D, 81, 1615892623, 454460, 10 
S, 82, 1615892624, 241862, 10
R, 82, 1615892624 , 304098, 4 
D, 82, 1615892624, 304445, 10 
S, 83, 1615892625, 92408, 10
R, 83, 1615892625 , 154086, 4 
D, 83, 1615892625, 154420, 10 
S, 84, 1615892625, 942942, 10
R, 84, 1615892626 , 4235, 4 
D, 84, 1615892626, 4611, 10 
S, 85, 1615892626, 793495, 10
R, 85, 1615892626 , 864123, 4 
D, 85, 1615892626, 864470, 10 
S, 86, 1615892627, 644075, 10
R, 86, 1615892627 , 714106, 4 
D, 86, 1615892627, 714455, 10 
S, 87, 1615892628, 494681, 10
R, 87, 1615892628 , 564103, 4 
D, 87, 1615892628, 564423, 10 
S, 88, 1615892629, 345222, 10
R, 88, 1615892629 , 414272, 4 
D, 88, 1615892629, 414666, 10 
S, 89, 1615892630, 195745, 10
R, 89, 1615892630 , 264246, 4 
D, 89, 1615892630, 264740, 10 
S, 90, 1615892631, 46283, 10
R, 90, 1615892631 , 114235, 4 
D, 90, 1615892631, 114649, 10 
S, 91, 1615892631, 896807, 10
R, 91, 1615892631 , 964253, 4 
D, 91, 1615892631, 964663, 10 
S, 92, 1615892632, 747355, 10
R, 92, 1615892632 , 814300, 4 
D, 92, 1615892632, 814712, 10 
S, 93, 1615892633, 597949, 10
R, 93, 1615892633 , 664241, 4 
D, 93, 1615892633, 664641, 10 
S, 94, 1615892634, 448489, 10
R, 94, 1615892634 , 514256, 4 
D, 94, 1615892634, 514648, 10 
S, 95, 1615892635, 299030, 10
R, 95, 1615892635 , 364248, 4 
D, 95, 1615892635, 364633, 10 
S, 96, 1615892636, 149537, 10
R, 96, 1615892636 , 214342, 4 
D, 96, 1615892636, 214760, 10 
S, 97, 1615892637, 66, 10
R, 97, 1615892637 , 64303, 4 
D, 97, 1615892637, 64708, 10 
S, 98, 1615892637, 850619, 10
R, 98, 1615892637 , 914247, 4 
D, 98, 1615892637, 914815, 10 
S, 99, 1615892638, 701214, 10
R, 99, 1615892638 , 764424, 4 
D, 99, 1615892638, 764829, 10 
S, 100, 1615892639, 551757, 10
R, 100, 1615892639 , 614467, 4 
D, 100, 1615892639, 614866, 10 
S, 101, 1615892640, 402284, 10
R, 101, 1615892640 , 464406, 4 
D, 101, 1615892640, 464794, 10 
S, 102, 1615892641, 252811, 10
R, 102, 1615892641 , 314112, 4 
D, 102, 1615892641, 314576, 10 
S, 103, 1615892642, 103468, 10
R, 103, 1615892642 , 164095, 4 
D, 103, 1615892642, 164417, 10 
S, 104, 1615892642, 954075, 10
R, 104, 1615892643 , 24112, 4 
D, 104, 1615892643, 24442, 10 
S, 105, 1615892643, 804652, 10
R, 105, 1615892643 , 874087, 4 
D, 105, 1615892643, 874399, 10 
S, 106, 1615892644, 655177, 10
R, 106, 1615892644 , 724385, 4 
D, 106, 1615892644, 724787, 10 
S, 107, 1615892645, 505701, 10
R, 107, 1615892645 , 574433, 4 
D, 107, 1615892645, 574820, 10 
S, 108, 1615892646, 356208, 10
R, 108, 1615892646 , 424347, 4 
D, 108, 1615892646, 425125, 10 
S, 109, 1615892647, 206783, 10
R, 109, 1615892647 , 274384, 4 
D, 109, 1615892647, 274799, 10 
S, 110, 1615892648, 57384, 10
R, 110, 1615892648 , 124353, 4 
D, 110, 1615892648, 124755, 10 
S, 111, 1615892648, 907958, 10
R, 111, 1615892648 , 974410, 4 
D, 111, 1615892648, 974814, 10 
S, 112, 1615892649, 758501, 10
R, 112, 1615892649 , 824342, 4 
D, 112, 1615892649, 824739, 10 
S, 113, 1615892650, 609018, 10
R, 113, 1615892650 , 674571, 4 
D, 113, 1615892650, 674955, 10 
S, 114, 1615892651, 459536, 10
R, 114, 1615892651 , 524354, 4 
D, 114, 1615892651, 529612, 10 
S, 115, 1615892652, 310074, 10
R, 115, 1615892652 , 374448, 4 
D, 115, 1615892652, 374871, 10 
S, 116, 1615892653, 160709, 10
R, 116, 1615892653 , 224362, 4 
D, 116, 1615892653, 224758, 10 
S, 117, 1615892654, 11265, 10
R, 117, 1615892654 , 74366, 4 
D, 117, 1615892654, 74771, 10 
S, 118, 1615892654, 861781, 10
R, 118, 1615892654 , 924365, 4 
D, 118, 1615892654, 924771, 10 
S, 119, 1615892655, 712301, 10
R, 119, 1615892655 , 774427, 4 
D, 119, 1615892655, 774821, 10 
S, 120, 1615892656, 562824, 10
R, 120, 1615892656 , 624345, 4 
D, 120, 1615892656, 631442, 10 
S, 121, 1615892657, 413397, 10
R, 121, 1615892657 , 474398, 4 
D, 121, 1615892657, 474816, 10 
S, 122, 1615892658, 264028, 10
R, 122, 1615892658 , 334412, 4 
D, 122, 1615892658, 334809, 10 
S, 123, 1615892659, 114570, 10
R, 123, 1615892659 , 184351, 4 
D, 123, 1615892659, 184747, 10 
S, 124, 1615892659, 965095, 10
R, 124, 1615892660 , 34345, 4 
D, 124, 1615892660, 34732, 10 
S, 125, 1615892660, 815617, 10
R, 125, 1615892660 , 884346, 4 
D, 125, 1615892660, 884730, 10 
S, 126, 1615892661, 666138, 10
R, 126, 1615892661 , 734438, 4 
D, 126, 1615892661, 739701, 10 
S, 127, 1615892662, 516682, 10
R, 127, 1615892662 , 584365, 4 
D, 127, 1615892662, 584770, 10 
S, 128, 1615892663, 367277, 10
R, 128, 1615892663 , 434391, 4 
D, 128, 1615892663, 434802, 10 
S, 129, 1615892664, 217815, 10
R, 129, 1615892664 , 284356, 4 
D, 129, 1615892664, 284748, 10 
S, 130, 1615892665, 68330, 10
R, 130, 1615892665 , 134414, 4 
D, 130, 1615892665, 134814, 10 
S, 131, 1615892665, 918843, 10
R, 131, 1615892665 , 984354, 4 
D, 131, 1615892665, 984746, 10 
S, 132, 1615892666, 769375, 10
R, 132, 1615892666 , 834741, 4 
D, 132, 1615892666, 839520, 10 
S, 133, 1615892667, 619913, 10
R, 133, 1615892667 , 684393, 4 
D, 133, 1615892667, 684799, 10 
S, 134, 1615892668, 470512, 10
R, 134, 1615892668 , 534415, 4 
D, 134, 1615892668, 534824, 10 
S, 135, 1615892669, 321091, 10
R, 135, 1615892669 , 384351, 4 
D, 135, 1615892669, 384740, 10 
S, 136, 1615892670, 171620, 10
R, 136, 1615892670 , 234373, 4 
D, 136, 1615892670, 234763, 10 
S, 137, 1615892671, 22147, 10
R, 137, 1615892671 , 84352, 4 
D, 137, 1615892671, 84734, 10 
S, 138, 1615892671, 872665, 10
R, 138, 1615892671 , 934423, 4 
D, 138, 1615892671, 940250, 10 
S, 139, 1615892672, 723207, 10
R, 139, 1615892672 , 794411, 4 
D, 139, 1615892672, 794823, 10 
S, 140, 1615892673, 573833, 10
R, 140, 1615892673 , 634379, 4 
D, 140, 1615892673, 634776, 10 
S, 141, 1615892674, 424377, 10
R, 141, 1615892674 , 494436, 4 
D, 141, 1615892674, 494823, 10 
S, 142, 1615892675, 274906, 10
R, 142, 1615892675 , 344395, 4 
D, 142, 1615892675, 344777, 10 
S, 143, 1615892676, 125418, 10
R, 143, 1615892676 , 194347, 4 
D, 143, 1615892676, 194734, 10 
S, 144, 1615892676, 975940, 10
R, 144, 1615892677 , 44375, 4 
D, 144, 1615892677, 48902, 10 
S, 145, 1615892677, 826475, 10
R, 145, 1615892677 , 894419, 4 
D, 145, 1615892677, 894829, 10 
S, 146, 1615892678, 677069, 10
R, 146, 1615892678 , 744345, 4 
D, 146, 1615892678, 744735, 10 
S, 147, 1615892679, 527604, 10
R, 147, 1615892679 , 594347, 4 
D, 147, 1615892679, 594736, 10 
S, 148, 1615892680, 378122, 10
R, 148, 1615892680 , 444362, 4 
D, 148, 1615892680, 444751, 10 
S, 149, 1615892681, 228653, 10
R, 149, 1615892681 , 294403, 4 
D, 149, 1615892681, 294784, 10 
S, 150, 1615892682, 79166, 10
R, 150, 1615892682 , 144403, 4 
D, 150, 1615892682, 147458, 10 
S, 151, 1615892682, 929717, 10
R, 151, 1615892682 , 994425, 4 
D, 151, 1615892682, 994842, 10 
S, 152, 1615892683, 780345, 10
R, 152, 1615892683 , 844364, 4 
D, 152, 1615892683, 844754, 10 
S, 153, 1615892684, 630892, 10
R, 153, 1615892684 , 694430, 4 
D, 153, 1615892684, 694819, 10 
S, 154, 1615892685, 481416, 10
R, 154, 1615892685 , 544342, 4 
D, 154, 1615892685, 544728, 10 
S, 155, 1615892686, 331935, 10
R, 155, 1615892686 , 394413, 4 
D, 155, 1615892686, 394803, 10 
S, 156, 1615892687, 182480, 10
R, 156, 1615892687 , 244526, 4 
D, 156, 1615892687, 249431, 10 
S, 157, 1615892688, 33069, 10
R, 157, 1615892688 , 94434, 4 
D, 157, 1615892688, 94844, 10 
S, 158, 1615892688, 883606, 10
R, 158, 1615892688 , 944371, 4 
D, 158, 1615892688, 944766, 10 
S, 159, 1615892689, 734129, 10
R, 159, 1615892689 , 804391, 4 
D, 159, 1615892689, 804784, 10 
S, 160, 1615892690, 584658, 10
R, 160, 1615892690 , 654387, 4 
D, 160, 1615892690, 654776, 10 
S, 161, 1615892691, 435185, 10
R, 161, 1615892691 , 504383, 4 
D, 161, 1615892691, 504775, 10 
S, 162, 1615892692, 285702, 10
R, 162, 1615892692 , 354391, 4 
D, 162, 1615892692, 357479, 10 
S, 163, 1615892693, 136299, 10
R, 163, 1615892693 , 204366, 4 
D, 163, 1615892693, 204764, 10 
S, 164, 1615892693, 986844, 10
R, 164, 1615892694 , 54392, 4 
D, 164, 1615892694, 54785, 10 
S, 165, 1615892694, 837377, 10
R, 165, 1615892694 , 904366, 4 
D, 165, 1615892694, 904764, 10 
S, 166, 1615892695, 687914, 10
R, 166, 1615892695 , 754389, 4 
D, 166, 1615892695, 754779, 10 
S, 167, 1615892696, 538432, 10
R, 167, 1615892696 , 604333, 4 
D, 167, 1615892696, 604719, 10 
S, 168, 1615892697, 388956, 10
R, 168, 1615892697 , 454404, 4 
D, 168, 1615892697, 458130, 10 
S, 169, 1615892698, 239552, 10
R, 169, 1615892698 , 304365, 4 
D, 169, 1615892698, 304763, 10 
S, 170, 1615892699, 90113, 10
R, 170, 1615892699 , 154357, 4 
D, 170, 1615892699, 154748, 10 
S, 171, 1615892699, 940645, 10
R, 171, 1615892700 , 4364, 4 
D, 171, 1615892700, 4758, 10 
S, 172, 1615892700, 791164, 10
R, 172, 1615892700 , 854411, 4 
D, 172, 1615892700, 854808, 10 
S, 173, 1615892701, 641692, 10
R, 173, 1615892701 , 704120, 4 
D, 173, 1615892701, 704460, 10 
S, 174, 1615892702, 492350, 10
R, 174, 1615892702 , 554136, 4 
D, 174, 1615892702, 554483, 10 
S, 175, 1615892703, 342963, 10
R, 175, 1615892703 , 414090, 4 
D, 175, 1615892703, 414473, 10 
S, 176, 1615892704, 193536, 10
R, 176, 1615892704 , 264090, 4 
D, 176, 1615892704, 264488, 10 
S, 177, 1615892705, 44086, 10
R, 177, 1615892705 , 114408, 4 
D, 177, 1615892705, 114803, 10 
S, 178, 1615892705, 894622, 10
R, 178, 1615892705 , 964328, 4 
D, 178, 1615892705, 964720, 10 
S, 179, 1615892706, 745133, 10
R, 179, 1615892706 , 814384, 4 
D, 179, 1615892706, 814781, 10 
S, 180, 1615892707, 595660, 10
R, 180, 1615892707 , 664355, 4 
D, 180, 1615892707, 664757, 10 
S, 181, 1615892708, 446251, 10
R, 181, 1615892708 , 514366, 4 
D, 181, 1615892708, 518920, 10 
S, 182, 1615892709, 296786, 10
R, 182, 1615892709 , 364407, 4 
D, 182, 1615892709, 364810, 10 
S, 183, 1615892710, 147334, 10
R, 183, 1615892710 , 214476, 4 
D, 183, 1615892710, 214872, 10 
S, 184, 1615892710, 997864, 10
R, 184, 1615892711 , 64426, 4 
D, 184, 1615892711, 64818, 10 
S, 185, 1615892711, 848387, 10
R, 185, 1615892711 , 914433, 4 
D, 185, 1615892711, 914829, 10 
S, 186, 1615892712, 698915, 10
R, 186, 1615892712 , 764470, 4 
D, 186, 1615892712, 764892, 10 
S, 187, 1615892713, 549537, 10
R, 187, 1615892713 , 614431, 4 
D, 187, 1615892713, 617547, 10 
S, 188, 1615892714, 400089, 10
R, 188, 1615892714 , 464415, 4 
D, 188, 1615892714, 464820, 10 
S, 189, 1615892715, 250637, 10
R, 189, 1615892715 , 314420, 4 
D, 189, 1615892715, 314811, 10 
S, 190, 1615892716, 101163, 10
R, 190, 1615892716 , 164421, 4 
D, 190, 1615892716, 164809, 10 
S, 191, 1615892716, 951679, 10
R, 191, 1615892717 , 14480, 4 
D, 191, 1615892717, 14874, 10 
S, 192, 1615892717, 802210, 10
R, 192, 1615892717 , 864457, 4 
D, 192, 1615892717, 864896, 10 
S, 193, 1615892718, 652827, 10
R, 193, 1615892718 , 714422, 4 
D, 193, 1615892718, 719197, 10 
S, 194, 1615892719, 503372, 10
R, 194, 1615892719 , 574481, 4 
D, 194, 1615892719, 574880, 10 
S, 195, 1615892720, 353946, 10
R, 195, 1615892720 , 414451, 4 
D, 195, 1615892720, 414843, 10 
S, 196, 1615892721, 204462, 10
R, 196, 1615892721 , 274434, 4 
D, 196, 1615892721, 274829, 10 
S, 197, 1615892722, 54975, 10
R, 197, 1615892722 , 124408, 4 
D, 197, 1615892722, 124804, 10 
S, 198, 1615892722, 905512, 10
R, 198, 1615892722 , 974479, 4 
D, 198, 1615892722, 974897, 10 
S, 199, 1615892723, 756096, 10
R, 199, 1615892723 , 824423, 4 
D, 199, 1615892723, 827490, 10 
S, 200, 1615892724, 606645, 10
R, 200, 1615892724 , 674427, 4 
D, 200, 1615892724, 674829, 10 
S, 201, 1615892725, 457179, 10
R, 201, 1615892725 , 524374, 4 
D, 201, 1615892725, 524757, 10 
S, 202, 1615892726, 307699, 10
R, 202, 1615892726 , 374435, 4 
D, 202, 1615892726, 374834, 10 
S, 203, 1615892727, 158224, 10
R, 203, 1615892727 , 224429, 4 
D, 203, 1615892727, 224829, 10 
S, 204, 1615892728, 8752, 10
R, 204, 1615892728 , 74439, 4 
D, 204, 1615892728, 74854, 10 
S, 205, 1615892728, 859353, 10
R, 205, 1615892728 , 924431, 4 
D, 205, 1615892728, 928132, 10 
S, 206, 1615892729, 709875, 10
R, 206, 1615892729 , 774477, 4 
D, 206, 1615892729, 774879, 10 
S, 207, 1615892730, 560414, 10
R, 207, 1615892730 , 624451, 4 
D, 207, 1615892730, 624854, 10 
S, 208, 1615892731, 410937, 10
R, 208, 1615892731 , 474414, 4 
D, 208, 1615892731, 474806, 10 
S, 209, 1615892732, 261445, 10
R, 209, 1615892732 , 324558, 4 
D, 209, 1615892732, 324981, 10 
S, 210, 1615892733, 111966, 10
R, 210, 1615892733 , 174481, 4 
D, 210, 1615892733, 174882, 10 
S, 211, 1615892733, 962508, 10
R, 211, 1615892734 , 24410, 4 
D, 211, 1615892734, 28033, 10 
S, 212, 1615892734, 813042, 10
R, 212, 1615892734 , 874421, 4 
D, 212, 1615892734, 874819, 10 
S, 213, 1615892735, 663604, 10
R, 213, 1615892735 , 724410, 4 
D, 213, 1615892735, 724799, 10 
S, 214, 1615892736, 514119, 10
R, 214, 1615892736 , 584440, 4 
D, 214, 1615892736, 584835, 10 
S, 215, 1615892737, 364660, 10
R, 215, 1615892737 , 434437, 4 
D, 215, 1615892737, 434846, 10 
S, 216, 1615892738, 215237, 10
R, 216, 1615892738 , 284425, 4 
D, 216, 1615892738, 284828, 10 
S, 217, 1615892739, 65784, 10
R, 217, 1615892739 , 134431, 4 
D, 217, 1615892739, 138960, 10 
S, 218, 1615892739, 916302, 10
R, 218, 1615892739 , 984440, 4 
D, 218, 1615892739, 984843, 10 
S, 219, 1615892740, 766838, 10
R, 219, 1615892740 , 834449, 4 
D, 219, 1615892740, 834944, 10 
S, 220, 1615892741, 617365, 10
R, 220, 1615892741 , 684419, 4 
D, 220, 1615892741, 684814, 10 
S, 221, 1615892742, 467902, 10
R, 221, 1615892742 , 534471, 4 
D, 221, 1615892742, 534882, 10 
S, 222, 1615892743, 318498, 10
R, 222, 1615892743 , 384478, 4 
D, 222, 1615892743, 384894, 10 
S, 223, 1615892744, 169115, 10
R, 223, 1615892744 , 234412, 4 
D, 223, 1615892744, 237467, 10 
S, 224, 1615892745, 19664, 10
R, 224, 1615892745 , 84435, 4 
D, 224, 1615892745, 84832, 10 
S, 225, 1615892745, 870199, 10
R, 225, 1615892745 , 934452, 4 
D, 225, 1615892745, 934845, 10 
S, 226, 1615892746, 720721, 10
R, 226, 1615892746 , 784407, 4 
D, 226, 1615892746, 784804, 10 
S, 227, 1615892747, 571264, 10
R, 227, 1615892747 , 634529, 4 
D, 227, 1615892747, 634937, 10 
S, 228, 1615892748, 421854, 10
R, 228, 1615892748 , 484434, 4 
D, 228, 1615892748, 484854, 10 
S, 229, 1615892749, 272434, 10
R, 229, 1615892749 , 334438, 4 
D, 229, 1615892749, 339280, 10 
S, 230, 1615892750, 122963, 10
R, 230, 1615892750 , 184423, 4 
D, 230, 1615892750, 184819, 10 
S, 231, 1615892750, 973509, 10
R, 231, 1615892751 , 34434, 4 
D, 231, 1615892751, 34840, 10 
S, 232, 1615892751, 824062, 10
R, 232, 1615892751 , 894443, 4 
D, 232, 1615892751, 894838, 10 
S, 233, 1615892752, 674589, 10
R, 233, 1615892752 , 744453, 4 
D, 233, 1615892752, 744870, 10 
S, 234, 1615892753, 525175, 10
R, 234, 1615892753 , 594433, 4 
D, 234, 1615892753, 594835, 10 
S, 235, 1615892754, 375741, 10
R, 235, 1615892754 , 444421, 4 
D, 235, 1615892754, 447633, 10 
S, 236, 1615892755, 226263, 10
R, 236, 1615892755 , 294470, 4 
D, 236, 1615892755, 294870, 10 
S, 237, 1615892756, 76813, 10
R, 237, 1615892756 , 144415, 4 
D, 237, 1615892756, 144805, 10 
S, 238, 1615892756, 927331, 10
R, 238, 1615892756 , 994225, 4 
D, 238, 1615892756, 994569, 10 
S, 239, 1615892757, 777862, 10
R, 239, 1615892757 , 844148, 4 
D, 239, 1615892757, 844501, 10 
S, 240, 1615892758, 628450, 10
R, 240, 1615892758 , 694156, 4 
D, 240, 1615892758, 694506, 10 
S, 241, 1615892759, 478987, 10
R, 241, 1615892759 , 544117, 4 
D, 241, 1615892759, 544511, 10 
S, 242, 1615892760, 329522, 10
R, 242, 1615892760 , 394165, 4 
D, 242, 1615892760, 394503, 10 
S, 243, 1615892761, 180066, 10
R, 243, 1615892761 , 244150, 4 
D, 243, 1615892761, 244523, 10 
S, 244, 1615892762, 30720, 10
R, 244, 1615892762 , 94137, 4 
D, 244, 1615892762, 94487, 10 
S, 245, 1615892762, 881267, 10
R, 245, 1615892762 , 944144, 4 
D, 245, 1615892762, 944504, 10 
S, 246, 1615892763, 731859, 10
R, 246, 1615892763 , 794176, 4 
D, 246, 1615892763, 794513, 10 
S, 247, 1615892764, 582412, 10
R, 247, 1615892764 , 644128, 4 
D, 247, 1615892764, 644511, 10 
S, 248, 1615892765, 432930, 10
R, 248, 1615892765 , 494147, 4 
D, 248, 1615892765, 494498, 10 
