Type, Id paq, time stamp segundos, micro, long paq 
S, 0, 1615883011, 235267, 9
R, 1, 1615883011 , 252777, 4 
S, 1, 1615883011, 985742, 9
R, 2, 1615883012 , 46650, 4 
S, 2, 1615883012, 736212, 9
R, 3, 1615883012 , 754259, 4 
S, 3, 1615883013, 486684, 9
R, 4, 1615883013 , 504354, 4 
S, 4, 1615883014, 237053, 9
R, 5, 1615883014 , 296332, 4 
S, 5, 1615883014, 987480, 9
R, 6, 1615883015 , 6228, 4 
S, 6, 1615883015, 737907, 9
R, 7, 1615883015 , 756404, 4 
S, 7, 1615883016, 488273, 9
R, 8, 1615883016 , 547617, 4 
S, 8, 1615883017, 238693, 9
R, 9, 1615883017 , 256837, 4 
S, 9, 1615883017, 989117, 9
R, 10, 1615883018 , 8136, 4 
S, 10, 1615883018, 739549, 9
R, 11, 1615883018 , 800134, 4 
S, 11, 1615883019, 489938, 9
R, 12, 1615883019 , 509144, 4 
S, 12, 1615883020, 240355, 9
R, 13, 1615883020 , 257186, 4 
S, 13, 1615883020, 990740, 9
R, 14, 1615883021 , 46562, 4 
S, 14, 1615883021, 741113, 9
R, 15, 1615883021 , 757676, 4 
S, 15, 1615883022, 491518, 9
R, 16, 1615883022 , 508741, 4 
S, 16, 1615883023, 241938, 9
R, 17, 1615883023 , 299012, 4 
S, 17, 1615883023, 992328, 9
R, 18, 1615883024 , 9972, 4 
S, 18, 1615883024, 742784, 9
R, 19, 1615883024 , 761170, 4 
S, 19, 1615883025, 493165, 9
R, 20, 1615883025 , 550452, 4 
S, 20, 1615883026, 243540, 9
R, 21, 1615883026 , 261475, 4 
S, 21, 1615883026, 994000, 9
R, 22, 1615883027 , 11443, 4 
S, 22, 1615883027, 744380, 9
R, 23, 1615883027 , 802477, 4 
S, 23, 1615883028, 494793, 9
R, 24, 1615883028 , 511774, 4 
S, 24, 1615883029, 245254, 9
R, 25, 1615883029 , 263551, 4 
S, 25, 1615883029, 995672, 9
R, 26, 1615883030 , 54338, 4 
S, 26, 1615883030, 746056, 9
R, 27, 1615883030 , 764091, 4 
S, 27, 1615883031, 496467, 9
R, 28, 1615883031 , 514779, 4 
S, 28, 1615883032, 246845, 9
R, 29, 1615883032 , 306380, 4 
S, 29, 1615883032, 997227, 9
R, 30, 1615883033 , 15210, 4 
S, 30, 1615883033, 747705, 9
R, 31, 1615883033 , 764885, 4 
S, 31, 1615883034, 498119, 9
R, 32, 1615883034 , 558779, 4 
S, 32, 1615883035, 248505, 9
R, 33, 1615883035 , 265487, 4 
S, 33, 1615883035, 998928, 9
R, 34, 1615883036 , 16320, 4 
S, 34, 1615883036, 749338, 9
R, 35, 1615883036 , 811212, 4 
S, 35, 1615883037, 499725, 9
R, 36, 1615883037 , 517939, 4 
S, 36, 1615883038, 250183, 9
R, 37, 1615883038 , 267731, 4 
S, 37, 1615883039, 581, 9
R, 38, 1615883039 , 58636, 4 
S, 38, 1615883039, 751007, 9
R, 39, 1615883039 , 768315, 4 
S, 39, 1615883040, 501441, 9
R, 40, 1615883040 , 519767, 4 
S, 40, 1615883041, 251825, 9
R, 41, 1615883041 , 311394, 4 
S, 41, 1615883042, 2281, 9
R, 42, 1615883042 , 21651, 4 
S, 42, 1615883042, 752726, 9
R, 43, 1615883042 , 771292, 4 
S, 43, 1615883043, 503116, 9
R, 44, 1615883043 , 567309, 4 
S, 44, 1615883044, 253513, 9
R, 45, 1615883044 , 271721, 4 
S, 45, 1615883045, 4027, 9
R, 46, 1615883045 , 22137, 4 
S, 46, 1615883045, 754413, 9
R, 47, 1615883045 , 814874, 4 
S, 47, 1615883046, 504816, 9
R, 48, 1615883046 , 523230, 4 
S, 48, 1615883047, 255236, 9
R, 49, 1615883047 , 273536, 4 
S, 49, 1615883048, 5632, 9
R, 50, 1615883048 , 67650, 4 
S, 50, 1615883048, 756062, 9
R, 51, 1615883048 , 775294, 4 
S, 51, 1615883049, 506488, 9
R, 52, 1615883049 , 525604, 4 
S, 52, 1615883050, 256913, 9
R, 53, 1615883050 , 319107, 4 
S, 53, 1615883051, 7295, 9
R, 54, 1615883051 , 26222, 4 
S, 54, 1615883051, 757699, 9
R, 55, 1615883051 , 776583, 4 
S, 55, 1615883052, 508114, 9
R, 56, 1615883052 , 570717, 4 
S, 56, 1615883053, 258528, 9
R, 57, 1615883053 , 276376, 4 
S, 57, 1615883054, 8944, 9
R, 58, 1615883054 , 27307, 4 
S, 58, 1615883054, 759370, 9
R, 59, 1615883054 , 823322, 4 
S, 59, 1615883055, 509759, 9
R, 60, 1615883055 , 529462, 4 
S, 60, 1615883056, 260168, 9
R, 61, 1615883056 , 278506, 4 
S, 61, 1615883057, 10541, 9
R, 62, 1615883057 , 71287, 4 
S, 62, 1615883057, 760921, 9
R, 63, 1615883057 , 780284, 4 
S, 63, 1615883058, 511387, 9
R, 64, 1615883058 , 529900, 4 
S, 64, 1615883059, 261757, 9
R, 65, 1615883059 , 322765, 4 
S, 65, 1615883060, 12173, 9
R, 66, 1615883060 , 30507, 4 
S, 66, 1615883060, 762593, 9
R, 67, 1615883060 , 781468, 4 
S, 67, 1615883061, 512963, 9
R, 68, 1615883061 , 571728, 4 
S, 68, 1615883062, 263325, 9
R, 69, 1615883062 , 282569, 4 
S, 69, 1615883063, 13803, 9
R, 70, 1615883063 , 33544, 4 
S, 70, 1615883063, 764233, 9
R, 71, 1615883063 , 823257, 4 
S, 71, 1615883064, 514617, 9
R, 72, 1615883064 , 533259, 4 
S, 72, 1615883065, 265034, 9
R, 73, 1615883065 , 283027, 4 
S, 73, 1615883066, 15413, 9
R, 74, 1615883066 , 74618, 4 
S, 74, 1615883066, 765800, 9
R, 75, 1615883066 , 784919, 4 
S, 75, 1615883067, 516205, 9
R, 76, 1615883067 , 535019, 4 
S, 76, 1615883068, 266587, 9
R, 77, 1615883068 , 331315, 4 
S, 77, 1615883069, 17024, 9
R, 78, 1615883069 , 36763, 4 
S, 78, 1615883069, 767492, 9
R, 79, 1615883069 , 786340, 4 
S, 79, 1615883070, 517895, 9
R, 80, 1615883070 , 580513, 4 
S, 80, 1615883071, 268290, 9
R, 81, 1615883071 , 286868, 4 
S, 81, 1615883072, 18736, 9
R, 82, 1615883072 , 37785, 4 
S, 82, 1615883072, 769121, 9
R, 83, 1615883072 , 828033, 4 
S, 83, 1615883073, 519544, 9
R, 84, 1615883073 , 538941, 4 
S, 84, 1615883074, 269973, 9
R, 85, 1615883074 , 291271, 4 
S, 85, 1615883075, 20405, 9
R, 86, 1615883075 , 79585, 4 
S, 86, 1615883075, 770779, 9
R, 87, 1615883075 , 789780, 4 
S, 87, 1615883076, 521222, 9
R, 88, 1615883076 , 541306, 4 
S, 88, 1615883077, 271615, 9
R, 89, 1615883077 , 331544, 4 
S, 89, 1615883078, 22000, 9
R, 90, 1615883078 , 42411, 4 
S, 90, 1615883078, 772471, 9
R, 91, 1615883078 , 793307, 4 
S, 91, 1615883079, 522850, 9
R, 92, 1615883079 , 584294, 4 
S, 92, 1615883080, 273272, 9
R, 93, 1615883080 , 293165, 4 
S, 93, 1615883081, 23744, 9
R, 94, 1615883081 , 44160, 4 
S, 94, 1615883081, 774116, 9
R, 95, 1615883081 , 836266, 4 
S, 95, 1615883082, 524529, 9
R, 96, 1615883082 , 545172, 4 
S, 96, 1615883083, 274949, 9
R, 97, 1615883083 , 294785, 4 
S, 97, 1615883084, 25379, 9
R, 98, 1615883084 , 84105, 4 
S, 98, 1615883084, 775803, 9
R, 99, 1615883084 , 794933, 4 
S, 99, 1615883085, 526207, 9
R, 100, 1615883085 , 545785, 4 
S, 100, 1615883086, 276577, 9
R, 101, 1615883086 , 336067, 4 
S, 101, 1615883087, 26955, 9
R, 102, 1615883087 , 46985, 4 
S, 102, 1615883087, 777374, 9
R, 103, 1615883087 , 797267, 4 
S, 103, 1615883088, 527806, 9
R, 104, 1615883088 , 588144, 4 
S, 104, 1615883089, 278190, 9
R, 105, 1615883089 , 298594, 4 
S, 105, 1615883090, 28622, 9
R, 106, 1615883090 , 48161, 4 
S, 106, 1615883090, 779011, 9
R, 107, 1615883090 , 840376, 4 
S, 107, 1615883091, 529393, 9
R, 108, 1615883091 , 549362, 4 
S, 108, 1615883092, 279802, 9
R, 109, 1615883092 , 298947, 4 
S, 109, 1615883093, 30180, 9
R, 110, 1615883093 , 92475, 4 
S, 110, 1615883093, 780608, 9
R, 111, 1615883093 , 801397, 4 
S, 111, 1615883094, 531062, 9
R, 112, 1615883094 , 551855, 4 
S, 112, 1615883095, 281477, 9
R, 113, 1615883095 , 343329, 4 
S, 113, 1615883096, 31852, 9
R, 114, 1615883096 , 51680, 4 
S, 114, 1615883096, 782277, 9
R, 115, 1615883096 , 802615, 4 
S, 115, 1615883097, 532648, 9
R, 116, 1615883097 , 592272, 4 
S, 116, 1615883098, 283024, 9
R, 117, 1615883098 , 303152, 4 
S, 117, 1615883099, 33496, 9
R, 118, 1615883099 , 52417, 4 
S, 118, 1615883099, 783966, 9
R, 119, 1615883099 , 843356, 4 
S, 119, 1615883100, 534364, 9
R, 120, 1615883100 , 554269, 4 
S, 120, 1615883101, 284770, 9
R, 121, 1615883101 , 304560, 4 
S, 121, 1615883102, 35191, 9
R, 122, 1615883102 , 96048, 4 
S, 122, 1615883102, 785588, 9
R, 123, 1615883102 , 804986, 4 
S, 123, 1615883103, 536055, 9
R, 124, 1615883103 , 555165, 4 
S, 124, 1615883104, 286453, 9
R, 125, 1615883104 , 347501, 4 
S, 125, 1615883105, 36879, 9
R, 126, 1615883105 , 57079, 4 
S, 126, 1615883105, 787298, 9
R, 127, 1615883105 , 807385, 4 
S, 127, 1615883106, 537682, 9
R, 128, 1615883106 , 599582, 4 
S, 128, 1615883107, 288084, 9
R, 129, 1615883107 , 307865, 4 
S, 129, 1615883108, 38505, 9
R, 130, 1615883108 , 58178, 4 
S, 130, 1615883108, 788934, 9
R, 131, 1615883108 , 847173, 4 
S, 131, 1615883109, 539316, 9
R, 132, 1615883109 , 559424, 4 
S, 132, 1615883110, 289736, 9
R, 133, 1615883110 , 309017, 4 
S, 133, 1615883111, 40113, 9
R, 134, 1615883111 , 99251, 4 
S, 134, 1615883111, 790489, 9
R, 135, 1615883111 , 809564, 4 
S, 135, 1615883112, 540940, 9
R, 136, 1615883112 , 559745, 4 
S, 136, 1615883113, 291314, 9
R, 137, 1615883113 , 351367, 4 
S, 137, 1615883114, 41745, 9
R, 138, 1615883114 , 61899, 4 
S, 138, 1615883114, 792215, 9
R, 139, 1615883114 , 812025, 4 
S, 139, 1615883115, 542592, 9
R, 140, 1615883115 , 603546, 4 
S, 140, 1615883116, 292965, 9
R, 141, 1615883116 , 311859, 4 
S, 141, 1615883117, 43383, 9
R, 142, 1615883117 , 64723, 4 
S, 142, 1615883117, 793818, 9
R, 143, 1615883117 , 855658, 4 
S, 143, 1615883118, 544239, 9
R, 144, 1615883118 , 564034, 4 
S, 144, 1615883119, 294648, 9
R, 145, 1615883119 , 314420, 4 
S, 145, 1615883120, 45071, 9
R, 146, 1615883120 , 104089, 4 
S, 146, 1615883120, 795450, 9
R, 147, 1615883120 , 814295, 4 
S, 147, 1615883121, 545847, 9
R, 148, 1615883121 , 567120, 4 
S, 148, 1615883122, 296225, 9
R, 149, 1615883122 , 356112, 4 
S, 149, 1615883123, 46620, 9
R, 150, 1615883123 , 66455, 4 
S, 150, 1615883123, 797091, 9
R, 151, 1615883123 , 817331, 4 
S, 151, 1615883124, 547465, 9
R, 152, 1615883124 , 607723, 4 
S, 152, 1615883125, 297890, 9
R, 153, 1615883125 , 318607, 4 
S, 153, 1615883126, 48305, 9
R, 154, 1615883126 , 68745, 4 
S, 154, 1615883126, 798676, 9
R, 155, 1615883126 , 859671, 4 
S, 155, 1615883127, 549043, 9
R, 156, 1615883127 , 568585, 4 
S, 156, 1615883128, 299462, 9
R, 157, 1615883128 , 319638, 4 
S, 157, 1615883129, 49895, 9
R, 158, 1615883129 , 115251, 4 
S, 158, 1615883129, 800324, 9
R, 159, 1615883129 , 819651, 4 
S, 159, 1615883130, 550752, 9
R, 160, 1615883130 , 570566, 4 
S, 160, 1615883131, 301141, 9
R, 161, 1615883131 , 359629, 4 
S, 161, 1615883132, 51503, 9
R, 162, 1615883132 , 71064, 4 
S, 162, 1615883132, 801909, 9
R, 163, 1615883132 , 820021, 4 
S, 163, 1615883133, 552324, 9
R, 164, 1615883133 , 611536, 4 
S, 164, 1615883134, 302710, 9
R, 165, 1615883134 , 321979, 4 
S, 165, 1615883135, 53164, 9
R, 166, 1615883135 , 72871, 4 
S, 166, 1615883135, 803567, 9
R, 167, 1615883135 , 863830, 4 
S, 167, 1615883136, 553983, 9
R, 168, 1615883136 , 574100, 4 
S, 168, 1615883137, 304386, 9
R, 169, 1615883137 , 324869, 4 
S, 169, 1615883138, 54757, 9
R, 170, 1615883138 , 115190, 4 
S, 170, 1615883138, 805170, 9
R, 171, 1615883138 , 824761, 4 
S, 171, 1615883139, 555601, 9
R, 172, 1615883139 , 575160, 4 
S, 172, 1615883140, 305999, 9
R, 173, 1615883140 , 371204, 4 
S, 173, 1615883141, 56376, 9
R, 174, 1615883141 , 76326, 4 
S, 174, 1615883141, 806819, 9
R, 175, 1615883141 , 825286, 4 
S, 175, 1615883142, 557210, 9
R, 176, 1615883142 , 616265, 4 
S, 176, 1615883143, 307575, 9
R, 177, 1615883143 , 326477, 4 
S, 177, 1615883144, 58054, 9
R, 178, 1615883144 , 78247, 4 
S, 178, 1615883144, 808483, 9
R, 179, 1615883144 , 867835, 4 
S, 179, 1615883145, 558854, 9
R, 180, 1615883145 , 578110, 4 
S, 180, 1615883146, 309268, 9
R, 181, 1615883146 , 329021, 4 
S, 181, 1615883147, 59642, 9
R, 182, 1615883147 , 119886, 4 
S, 182, 1615883147, 810074, 9
R, 183, 1615883147 , 830801, 4 
S, 183, 1615883148, 560490, 9
R, 184, 1615883148 , 580373, 4 
S, 184, 1615883149, 310878, 9
R, 185, 1615883149 , 371445, 4 
S, 185, 1615883150, 61309, 9
R, 186, 1615883150 , 81024, 4 
S, 186, 1615883150, 811733, 9
R, 187, 1615883150 , 830611, 4 
S, 187, 1615883151, 562095, 9
R, 188, 1615883151 , 627942, 4 
S, 188, 1615883152, 312473, 9
R, 189, 1615883152 , 331739, 4 
S, 189, 1615883153, 62894, 9
R, 190, 1615883153 , 82685, 4 
S, 190, 1615883153, 813329, 9
R, 191, 1615883153 , 872343, 4 
S, 191, 1615883154, 563785, 9
R, 192, 1615883154 , 585143, 4 
S, 192, 1615883155, 314210, 9
R, 193, 1615883155 , 334383, 4 
S, 193, 1615883156, 64598, 9
R, 194, 1615883156 , 132113, 4 
S, 194, 1615883156, 814965, 9
R, 195, 1615883156 , 834669, 4 
S, 195, 1615883157, 565370, 9
R, 196, 1615883157 , 585569, 4 
S, 196, 1615883158, 315758, 9
R, 197, 1615883158 , 375835, 4 
S, 197, 1615883159, 66183, 9
R, 198, 1615883159 , 86335, 4 
S, 198, 1615883159, 816646, 9
R, 199, 1615883159 , 836585, 4 
S, 199, 1615883160, 567034, 9
R, 200, 1615883160 , 628114, 4 
S, 200, 1615883161, 317417, 9
R, 201, 1615883161 , 337775, 4 
S, 201, 1615883162, 67947, 9
R, 202, 1615883162 , 88048, 4 
S, 202, 1615883162, 818357, 9
R, 203, 1615883162 , 880161, 4 
S, 203, 1615883163, 568769, 9
R, 204, 1615883163 , 589812, 4 
S, 204, 1615883164, 319211, 9
R, 205, 1615883164 , 339467, 4 
S, 205, 1615883165, 69636, 9
R, 206, 1615883165 , 131618, 4 
S, 206, 1615883165, 820041, 9
R, 207, 1615883165 , 840569, 4 
S, 207, 1615883166, 570458, 9
R, 208, 1615883166 , 590193, 4 
S, 208, 1615883167, 320831, 9
R, 209, 1615883167 , 383715, 4 
S, 209, 1615883168, 71207, 9
R, 210, 1615883168 , 90025, 4 
S, 210, 1615883168, 821675, 9
R, 211, 1615883168 , 840887, 4 
S, 211, 1615883169, 572034, 9
R, 212, 1615883169 , 631896, 4 
S, 212, 1615883170, 322447, 9
R, 213, 1615883170 , 340833, 4 
S, 213, 1615883171, 72872, 9
R, 214, 1615883171 , 91744, 4 
S, 214, 1615883171, 823277, 9
R, 215, 1615883171 , 883286, 4 
S, 215, 1615883172, 573644, 9
R, 216, 1615883172 , 593533, 4 
S, 216, 1615883173, 324055, 9
R, 217, 1615883173 , 343166, 4 
S, 217, 1615883174, 74464, 9
R, 218, 1615883174 , 135641, 4 
S, 218, 1615883174, 824881, 9
R, 219, 1615883174 , 844628, 4 
S, 219, 1615883175, 575287, 9
R, 220, 1615883175 , 594830, 4 
S, 220, 1615883176, 325663, 9
R, 221, 1615883176 , 387708, 4 
S, 221, 1615883177, 76046, 9
R, 222, 1615883177 , 95440, 4 
S, 222, 1615883177, 826507, 9
R, 223, 1615883177 , 846249, 4 
S, 223, 1615883178, 576918, 9
R, 224, 1615883178 , 635209, 4 
S, 224, 1615883179, 327322, 9
R, 225, 1615883179 , 346843, 4 
S, 225, 1615883180, 77779, 9
R, 226, 1615883180 , 97694, 4 
S, 226, 1615883180, 828163, 9
R, 227, 1615883180 , 887974, 4 
S, 227, 1615883181, 578541, 9
R, 228, 1615883181 , 599528, 4 
S, 228, 1615883182, 328951, 9
R, 229, 1615883182 , 348545, 4 
S, 229, 1615883183, 79389, 9
R, 230, 1615883183 , 140044, 4 
S, 230, 1615883183, 829814, 9
R, 231, 1615883183 , 850212, 4 
S, 231, 1615883184, 580243, 9
R, 232, 1615883184 , 601288, 4 
S, 232, 1615883185, 330664, 9
R, 233, 1615883185 , 391465, 4 
S, 233, 1615883186, 81040, 9
R, 234, 1615883186 , 101101, 4 
S, 234, 1615883186, 831465, 9
R, 235, 1615883186 , 851979, 4 
S, 235, 1615883187, 581856, 9
R, 236, 1615883187 , 647445, 4 
S, 236, 1615883188, 332243, 9
R, 237, 1615883188 , 351870, 4 
S, 237, 1615883189, 82741, 9
R, 238, 1615883189 , 102973, 4 
S, 238, 1615883189, 833179, 9
R, 239, 1615883189 , 896444, 4 
S, 239, 1615883190, 583539, 9
R, 240, 1615883190 , 602154, 4 
S, 240, 1615883191, 333988, 9
R, 241, 1615883191 , 353744, 4 
S, 241, 1615883192, 84362, 9
R, 242, 1615883192 , 143272, 4 
S, 242, 1615883192, 834743, 9
R, 243, 1615883192 , 854398, 4 
S, 243, 1615883193, 585152, 9
R, 244, 1615883193 , 604460, 4 
S, 244, 1615883194, 335555, 9
R, 245, 1615883194 , 399995, 4 
S, 245, 1615883195, 85952, 9
R, 246, 1615883195 , 105087, 4 
S, 246, 1615883195, 836379, 9
R, 247, 1615883195 , 856085, 4 
S, 247, 1615883196, 586752, 9
R, 248, 1615883196 , 647539, 4 
S, 248, 1615883197, 337114, 9
R, 249, 1615883197 , 356520, 4 
S, 249, 1615883198, 87541, 9
R, 250, 1615883198 , 107426, 4 
S, 250, 1615883198, 837973, 9
R, 251, 1615883198 , 899776, 4 
S, 251, 1615883199, 588350, 9
R, 252, 1615883199 , 608033, 4 
S, 252, 1615883200, 338782, 9
R, 253, 1615883200 , 358973, 4 
S, 253, 1615883201, 89194, 9
R, 254, 1615883201 , 156318, 4 
S, 254, 1615883201, 839578, 9
R, 255, 1615883201 , 859462, 4 
S, 255, 1615883202, 589992, 9
R, 256, 1615883202 , 609739, 4 
S, 256, 1615883203, 340373, 9
R, 257, 1615883203 , 399345, 4 
S, 257, 1615883204, 90804, 9
R, 258, 1615883204 , 110610, 4 
S, 258, 1615883204, 841257, 9
R, 259, 1615883204 , 861481, 4 
S, 259, 1615883205, 591620, 9
R, 260, 1615883205 , 651098, 4 
S, 260, 1615883206, 342002, 9
R, 261, 1615883206 , 361276, 4 
S, 261, 1615883207, 92435, 9
R, 262, 1615883207 , 111579, 4 
S, 262, 1615883207, 842795, 9
R, 263, 1615883207 , 903197, 4 
S, 263, 1615883208, 593175, 9
R, 264, 1615883208 , 613350, 4 
S, 264, 1615883209, 343609, 9
R, 265, 1615883209 , 364389, 4 
S, 265, 1615883210, 94022, 9
R, 266, 1615883210 , 155248, 4 
S, 266, 1615883210, 844410, 9
R, 267, 1615883210 , 864230, 4 
S, 267, 1615883211, 594788, 9
R, 268, 1615883211 , 615170, 4 
S, 268, 1615883212, 345166, 9
R, 269, 1615883212 , 407502, 4 
S, 269, 1615883213, 95564, 9
R, 270, 1615883213 , 115679, 4 
S, 270, 1615883213, 846032, 9
R, 271, 1615883213 , 866562, 4 
S, 271, 1615883214, 596432, 9
R, 272, 1615883214 , 655638, 4 
S, 272, 1615883215, 346855, 9
R, 273, 1615883215 , 366524, 4 
S, 273, 1615883216, 97260, 9
R, 274, 1615883216 , 116730, 4 
S, 274, 1615883216, 847645, 9
R, 275, 1615883216 , 907639, 4 
S, 275, 1615883217, 598025, 9
R, 276, 1615883217 , 616566, 4 
S, 276, 1615883218, 348441, 9
R, 277, 1615883218 , 368015, 4 
S, 277, 1615883219, 98871, 9
R, 278, 1615883219 , 159318, 4 
S, 278, 1615883219, 849293, 9
R, 279, 1615883219 , 868244, 4 
S, 279, 1615883220, 599715, 9
R, 280, 1615883220 , 619115, 4 
S, 280, 1615883221, 350094, 9
R, 281, 1615883221 , 411407, 4 
S, 281, 1615883222, 100569, 9
R, 282, 1615883222 , 120258, 4 
S, 282, 1615883222, 851007, 9
R, 283, 1615883222 , 871132, 4 
S, 283, 1615883223, 601389, 9
R, 284, 1615883223 , 664015, 4 
S, 284, 1615883224, 351793, 9
R, 285, 1615883224 , 371758, 4 
S, 285, 1615883225, 102270, 9
R, 286, 1615883225 , 122614, 4 
S, 286, 1615883225, 852667, 9
R, 287, 1615883225 , 916110, 4 
S, 287, 1615883226, 603046, 9
R, 288, 1615883226 , 623753, 4 
S, 288, 1615883227, 353461, 9
R, 289, 1615883227 , 374062, 4 
S, 289, 1615883228, 103892, 9
R, 290, 1615883228 , 167485, 4 
S, 290, 1615883228, 854318, 9
R, 291, 1615883228 , 874120, 4 
S, 291, 1615883229, 604735, 9
R, 292, 1615883229 , 625017, 4 
S, 292, 1615883230, 355162, 9
R, 293, 1615883230 , 415818, 4 
S, 293, 1615883231, 105580, 9
R, 294, 1615883231 , 125352, 4 
S, 294, 1615883231, 855991, 9
R, 295, 1615883231 , 875712, 4 
S, 295, 1615883232, 606369, 9
R, 296, 1615883232 , 667813, 4 
S, 296, 1615883233, 356754, 9
R, 297, 1615883233 , 376829, 4 
S, 297, 1615883234, 107227, 9
R, 298, 1615883234 , 128025, 4 
S, 298, 1615883234, 857650, 9
R, 299, 1615883234 , 920159, 4 
S, 299, 1615883235, 608037, 9
R, 300, 1615883235 , 627190, 4 
S, 300, 1615883236, 358469, 9
R, 301, 1615883236 , 378749, 4 
S, 301, 1615883237, 108845, 9
R, 302, 1615883237 , 167660, 4 
S, 302, 1615883237, 859224, 9
R, 303, 1615883237 , 878574, 4 
S, 303, 1615883238, 609644, 9
R, 304, 1615883238 , 628186, 4 
S, 304, 1615883239, 360073, 9
R, 305, 1615883239 , 423796, 4 
S, 305, 1615883240, 110478, 9
R, 306, 1615883240 , 129459, 4 
S, 306, 1615883240, 860886, 9
R, 307, 1615883240 , 880368, 4 
S, 307, 1615883241, 611261, 9
R, 308, 1615883241 , 671937, 4 
S, 308, 1615883242, 361657, 9
R, 309, 1615883242 , 380883, 4 
S, 309, 1615883243, 112068, 9
R, 310, 1615883243 , 130567, 4 
S, 310, 1615883243, 862490, 9
R, 311, 1615883243 , 922757, 4 
S, 311, 1615883244, 612875, 9
R, 312, 1615883244 , 631700, 4 
S, 312, 1615883245, 363287, 9
R, 313, 1615883245 , 383198, 4 
S, 313, 1615883246, 113723, 9
R, 314, 1615883246 , 175408, 4 
S, 314, 1615883246, 864110, 9
R, 315, 1615883246 , 884398, 4 
S, 315, 1615883247, 614549, 9
R, 316, 1615883247 , 635378, 4 
S, 316, 1615883248, 364924, 9
R, 317, 1615883248 , 427417, 4 
S, 317, 1615883249, 115343, 9
R, 318, 1615883249 , 135353, 4 
S, 318, 1615883249, 865796, 9
R, 319, 1615883249 , 884951, 4 
S, 319, 1615883250, 616167, 9
R, 320, 1615883250 , 675873, 4 
S, 320, 1615883251, 366535, 9
R, 321, 1615883251 , 386789, 4 
S, 321, 1615883252, 116947, 9
R, 322, 1615883252 , 137030, 4 
S, 322, 1615883252, 867311, 9
R, 323, 1615883252 , 927989, 4 
S, 323, 1615883253, 617704, 9
R, 324, 1615883253 , 638209, 4 
S, 324, 1615883254, 368172, 9
R, 325, 1615883254 , 387939, 4 
S, 325, 1615883255, 118592, 9
R, 326, 1615883255 , 183347, 4 
S, 326, 1615883255, 868964, 9
R, 327, 1615883255 , 888377, 4 
S, 327, 1615883256, 619367, 9
R, 328, 1615883256 , 639263, 4 
S, 328, 1615883257, 369736, 9
R, 329, 1615883257 , 435311, 4 
S, 329, 1615883258, 120116, 9
R, 330, 1615883258 , 139088, 4 
S, 330, 1615883258, 870571, 9
R, 331, 1615883258 , 889355, 4 
S, 331, 1615883259, 620956, 9
R, 332, 1615883259 , 683551, 4 
S, 332, 1615883260, 371378, 9
R, 333, 1615883260 , 390499, 4 
S, 333, 1615883261, 121781, 9
R, 334, 1615883261 , 142057, 4 
S, 334, 1615883261, 872147, 9
R, 335, 1615883261 , 934920, 4 
S, 335, 1615883262, 622520, 9
R, 336, 1615883262 , 641957, 4 
S, 336, 1615883263, 372932, 9
R, 337, 1615883263 , 392857, 4 
S, 337, 1615883264, 123355, 9
R, 338, 1615883264 , 182774, 4 
S, 338, 1615883264, 873814, 9
R, 339, 1615883264 , 894348, 4 
S, 339, 1615883265, 624253, 9
R, 340, 1615883265 , 644065, 4 
S, 340, 1615883266, 374622, 9
R, 341, 1615883266 , 435491, 4 
S, 341, 1615883267, 124989, 9
R, 342, 1615883267 , 143876, 4 
S, 342, 1615883267, 875384, 9
R, 343, 1615883267 , 895348, 4 
S, 343, 1615883268, 625757, 9
R, 344, 1615883268 , 691440, 4 
S, 344, 1615883269, 376182, 9
R, 345, 1615883269 , 395954, 4 
S, 345, 1615883270, 126635, 9
R, 346, 1615883270 , 144937, 4 
S, 346, 1615883270, 877017, 9
R, 347, 1615883270 , 935784, 4 
S, 347, 1615883271, 627406, 9
R, 348, 1615883271 , 647301, 4 
S, 348, 1615883272, 377796, 9
R, 349, 1615883272 , 397577, 4 
S, 349, 1615883273, 128167, 9
R, 350, 1615883273 , 187965, 4 
S, 350, 1615883273, 878582, 9
R, 351, 1615883273 , 898185, 4 
S, 351, 1615883274, 629005, 9
R, 352, 1615883274 , 649280, 4 
S, 352, 1615883275, 379417, 9
R, 353, 1615883275 , 440106, 4 
S, 353, 1615883276, 129780, 9
R, 354, 1615883276 , 150335, 4 
S, 354, 1615883276, 880180, 9
R, 355, 1615883276 , 900700, 4 
S, 355, 1615883277, 630569, 9
R, 356, 1615883277 , 696099, 4 
S, 356, 1615883278, 380937, 9
R, 357, 1615883278 , 399895, 4 
S, 357, 1615883279, 131379, 9
R, 358, 1615883279 , 151088, 4 
S, 358, 1615883279, 881792, 9
R, 359, 1615883279 , 943234, 4 
S, 359, 1615883280, 632152, 9
R, 360, 1615883280 , 652798, 4 
S, 360, 1615883281, 382573, 9
R, 361, 1615883281 , 402508, 4 
S, 361, 1615883282, 132973, 9
R, 362, 1615883282 , 195337, 4 
S, 362, 1615883282, 883363, 9
R, 363, 1615883282 , 903699, 4 
S, 363, 1615883283, 633827, 9
R, 364, 1615883283 , 653976, 4 
S, 364, 1615883284, 384257, 9
R, 365, 1615883284 , 447555, 4 
S, 365, 1615883285, 134680, 9
R, 366, 1615883285 , 154420, 4 
S, 366, 1615883285, 885065, 9
R, 367, 1615883285 , 903351, 4 
S, 367, 1615883286, 635445, 9
R, 368, 1615883286 , 694897, 4 
S, 368, 1615883287, 385802, 9
R, 369, 1615883287 , 407096, 4 
S, 369, 1615883288, 136213, 9
R, 370, 1615883288 , 155470, 4 
S, 370, 1615883288, 886629, 9
R, 371, 1615883288 , 947895, 4 
S, 371, 1615883289, 637035, 9
R, 372, 1615883289 , 656726, 4 
S, 372, 1615883290, 387450, 9
R, 373, 1615883290 , 407004, 4 
S, 373, 1615883291, 137814, 9
R, 374, 1615883291 , 199232, 4 
S, 374, 1615883291, 888186, 9
R, 375, 1615883291 , 906228, 4 
S, 375, 1615883292, 638585, 9
R, 376, 1615883292 , 658515, 4 
S, 376, 1615883293, 388973, 9
R, 377, 1615883293 , 446883, 4 
S, 377, 1615883294, 139388, 9
R, 378, 1615883294 , 160031, 4 
S, 378, 1615883294, 889844, 9
R, 379, 1615883294 , 909625, 4 
S, 379, 1615883295, 640247, 9
R, 380, 1615883295 , 699183, 4 
S, 380, 1615883296, 390621, 9
R, 381, 1615883296 , 410720, 4 
S, 381, 1615883297, 141015, 9
R, 382, 1615883297 , 159647, 4 
S, 382, 1615883297, 891388, 9
R, 383, 1615883297 , 950533, 4 
S, 383, 1615883298, 641763, 9
R, 384, 1615883298 , 661457, 4 
S, 384, 1615883299, 392225, 9
R, 385, 1615883299 , 411839, 4 
S, 385, 1615883300, 142608, 9
R, 386, 1615883300 , 203337, 4 
S, 386, 1615883300, 892979, 9
R, 387, 1615883300 , 911645, 4 
S, 387, 1615883301, 643401, 9
R, 388, 1615883301 , 663187, 4 
S, 388, 1615883302, 393797, 9
R, 389, 1615883302 , 455400, 4 
S, 389, 1615883303, 144182, 9
R, 390, 1615883303 , 164332, 4 
S, 390, 1615883303, 894635, 9
R, 391, 1615883303 , 914554, 4 
S, 391, 1615883304, 645005, 9
R, 392, 1615883304 , 702973, 4 
S, 392, 1615883305, 395415, 9
R, 393, 1615883305 , 415161, 4 
S, 393, 1615883306, 145829, 9
R, 394, 1615883306 , 166032, 4 
S, 394, 1615883306, 896196, 9
R, 395, 1615883306 , 955676, 4 
S, 395, 1615883307, 646588, 9
R, 396, 1615883307 , 667258, 4 
S, 396, 1615883308, 396985, 9
R, 397, 1615883308 , 416885, 4 
S, 397, 1615883309, 147416, 9
R, 398, 1615883309 , 211915, 4 
S, 398, 1615883309, 897830, 9
R, 399, 1615883309 , 916358, 4 
S, 399, 1615883310, 648241, 9
R, 400, 1615883310 , 668593, 4 
S, 400, 1615883311, 398608, 9
R, 401, 1615883311 , 459454, 4 
S, 401, 1615883312, 148973, 9
R, 402, 1615883312 , 168428, 4 
S, 402, 1615883312, 899363, 9
R, 403, 1615883312 , 918735, 4 
S, 403, 1615883313, 649758, 9
R, 404, 1615883313 , 711628, 4 
S, 404, 1615883314, 400192, 9
R, 405, 1615883314 , 420047, 4 
S, 405, 1615883315, 150654, 9
R, 406, 1615883315 , 169648, 4 
S, 406, 1615883315, 901016, 9
R, 407, 1615883315 , 959249, 4 
S, 407, 1615883316, 651388, 9
R, 408, 1615883316 , 671445, 4 
S, 408, 1615883317, 401787, 9
R, 409, 1615883317 , 421004, 4 
S, 409, 1615883318, 152151, 9
R, 410, 1615883318 , 211359, 4 
S, 410, 1615883318, 902559, 9
R, 411, 1615883318 , 923452, 4 
S, 411, 1615883319, 652975, 9
R, 412, 1615883319 , 671929, 4 
S, 412, 1615883320, 403395, 9
R, 413, 1615883320 , 463449, 4 
S, 413, 1615883321, 153781, 9
R, 414, 1615883321 , 172995, 4 
S, 414, 1615883321, 904183, 9
R, 415, 1615883321 , 923984, 4 
S, 415, 1615883322, 654562, 9
R, 416, 1615883322 , 715528, 4 
S, 416, 1615883323, 404915, 9
R, 417, 1615883323 , 425123, 4 
S, 417, 1615883324, 155380, 9
R, 418, 1615883324 , 173814, 4 
S, 418, 1615883324, 905809, 9
R, 419, 1615883324 , 967174, 4 
S, 419, 1615883325, 656178, 9
R, 420, 1615883325 , 676085, 4 
S, 420, 1615883326, 406568, 9
R, 421, 1615883326 , 426999, 4 
S, 421, 1615883327, 156937, 9
R, 422, 1615883327 , 219224, 4 
S, 422, 1615883327, 907310, 9
R, 423, 1615883327 , 927545, 4 
S, 423, 1615883328, 657710, 9
R, 424, 1615883328 , 677193, 4 
S, 424, 1615883329, 408086, 9
R, 425, 1615883329 , 467576, 4 
S, 425, 1615883330, 158504, 9
R, 426, 1615883330 , 178392, 4 
S, 426, 1615883330, 908954, 9
R, 427, 1615883330 , 929327, 4 
S, 427, 1615883331, 659314, 9
R, 428, 1615883331 , 719617, 4 
S, 428, 1615883332, 409675, 9
R, 429, 1615883332 , 429855, 4 
S, 429, 1615883333, 160082, 9
R, 430, 1615883333 , 180337, 4 
S, 430, 1615883333, 910456, 9
R, 431, 1615883333 , 971197, 4 
S, 431, 1615883334, 660843, 9
R, 432, 1615883334 , 680156, 4 
S, 432, 1615883335, 411298, 9
R, 433, 1615883335 , 430980, 4 
S, 433, 1615883336, 161669, 9
R, 434, 1615883336 , 223177, 4 
S, 434, 1615883336, 912064, 9
R, 435, 1615883336 , 930841, 4 
S, 435, 1615883337, 662465, 9
R, 436, 1615883337 , 683048, 4 
S, 436, 1615883338, 412842, 9
R, 437, 1615883338 , 471375, 4 
S, 437, 1615883339, 163273, 9
R, 438, 1615883339 , 183955, 4 
S, 438, 1615883339, 913791, 9
R, 439, 1615883339 , 934191, 4 
S, 439, 1615883340, 664163, 9
R, 440, 1615883340 , 723097, 4 
S, 440, 1615883341, 414532, 9
R, 441, 1615883341 , 434148, 4 
S, 441, 1615883342, 164984, 9
R, 442, 1615883342 , 184280, 4 
S, 442, 1615883342, 915386, 9
R, 443, 1615883342 , 974440, 4 
S, 443, 1615883343, 665760, 9
R, 444, 1615883343 , 685975, 4 
S, 444, 1615883344, 416229, 9
R, 445, 1615883344 , 435036, 4 
S, 445, 1615883345, 166642, 9
R, 446, 1615883345 , 227215, 4 
S, 446, 1615883345, 917023, 9
R, 447, 1615883345 , 936827, 4 
S, 447, 1615883346, 667425, 9
R, 448, 1615883346 , 687133, 4 
S, 448, 1615883347, 417787, 9
R, 449, 1615883347 , 479290, 4 
S, 449, 1615883348, 168156, 9
R, 450, 1615883348 , 187614, 4 
S, 450, 1615883348, 918592, 9
R, 451, 1615883348 , 938069, 4 
S, 451, 1615883349, 668996, 9
R, 452, 1615883349 , 731613, 4 
S, 452, 1615883350, 419374, 9
R, 453, 1615883350 , 438534, 4 
S, 453, 1615883351, 169774, 9
R, 454, 1615883351 , 188836, 4 
S, 454, 1615883351, 920147, 9
R, 455, 1615883351 , 979714, 4 
S, 455, 1615883352, 670506, 9
R, 456, 1615883352 , 689960, 4 
S, 456, 1615883353, 420892, 9
R, 457, 1615883353 , 440864, 4 
S, 457, 1615883354, 171307, 9
R, 458, 1615883354 , 231420, 4 
S, 458, 1615883354, 921743, 9
R, 459, 1615883354 , 941649, 4 
S, 459, 1615883355, 672150, 9
R, 460, 1615883355 , 691201, 4 
S, 460, 1615883356, 422516, 9
R, 461, 1615883356 , 487971, 4 
S, 461, 1615883357, 172880, 9
R, 462, 1615883357 , 193062, 4 
S, 462, 1615883357, 923284, 9
R, 463, 1615883357 , 943301, 4 
S, 463, 1615883358, 673651, 9
R, 464, 1615883358 , 735527, 4 
S, 464, 1615883359, 424073, 9
R, 465, 1615883359 , 443325, 4 
S, 465, 1615883360, 174539, 9
R, 466, 1615883360 , 194298, 4 
S, 466, 1615883360, 924936, 9
R, 467, 1615883360 , 983219, 4 
S, 467, 1615883361, 675297, 9
R, 468, 1615883361 , 694754, 4 
S, 468, 1615883362, 425697, 9
R, 469, 1615883362 , 445568, 4 
S, 469, 1615883363, 176067, 9
R, 470, 1615883363 , 239665, 4 
S, 470, 1615883363, 926432, 9
R, 471, 1615883363 , 946741, 4 
S, 471, 1615883364, 676901, 9
R, 472, 1615883364 , 696994, 4 
S, 472, 1615883365, 427322, 9
R, 473, 1615883365 , 487237, 4 
S, 473, 1615883366, 177693, 9
R, 474, 1615883366 , 196833, 4 
S, 474, 1615883366, 928128, 9
R, 475, 1615883366 , 948425, 4 
S, 475, 1615883367, 678493, 9
R, 476, 1615883367 , 738662, 4 
S, 476, 1615883368, 428877, 9
R, 477, 1615883368 , 450236, 4 
S, 477, 1615883369, 179340, 9
R, 478, 1615883369 , 199411, 4 
S, 478, 1615883369, 929759, 9
R, 479, 1615883369 , 991549, 4 
S, 479, 1615883370, 680135, 9
R, 480, 1615883370 , 700524, 4 
S, 480, 1615883371, 430520, 9
R, 481, 1615883371 , 449540, 4 
S, 481, 1615883372, 180876, 9
R, 482, 1615883372 , 243006, 4 
S, 482, 1615883372, 931269, 9
R, 483, 1615883372 , 951314, 4 
S, 483, 1615883373, 681684, 9
R, 484, 1615883373 , 701575, 4 
S, 484, 1615883374, 432108, 9
R, 485, 1615883374 , 490682, 4 
S, 485, 1615883375, 182522, 9
R, 486, 1615883375 , 202851, 4 
S, 486, 1615883375, 932932, 9
R, 487, 1615883375 , 951871, 4 
S, 487, 1615883376, 683305, 9
R, 488, 1615883376 , 743354, 4 
S, 488, 1615883377, 433745, 9
R, 489, 1615883377 , 452967, 4 
S, 489, 1615883378, 184138, 9
R, 490, 1615883378 , 203280, 4 
S, 490, 1615883378, 934557, 9
R, 491, 1615883378 , 994971, 4 
S, 491, 1615883379, 684985, 9
R, 492, 1615883379 , 705111, 4 
S, 492, 1615883380, 435415, 9
R, 493, 1615883380 , 454702, 4 
S, 493, 1615883381, 185793, 9
R, 494, 1615883381 , 246907, 4 
S, 494, 1615883381, 936175, 9
R, 495, 1615883381 , 955839, 4 
S, 495, 1615883382, 686567, 9
R, 496, 1615883382 , 705495, 4 
S, 496, 1615883383, 436945, 9
R, 497, 1615883383 , 502255, 4 
S, 497, 1615883384, 187367, 9
R, 498, 1615883384 , 207573, 4 
S, 498, 1615883384, 937843, 9
R, 499, 1615883384 , 957824, 4 
S, 499, 1615883385, 688207, 9
R, 500, 1615883385 , 751311, 4 
S, 500, 1615883386, 438578, 9
R, 501, 1615883386 , 458356, 4 
S, 501, 1615883387, 188991, 9
R, 502, 1615883387 , 208563, 4 
S, 502, 1615883387, 939363, 9
R, 503, 1615883387 , 998791, 4 
S, 503, 1615883388, 689720, 9
R, 504, 1615883388 , 710350, 4 
S, 504, 1615883389, 440189, 9
R, 505, 1615883389 , 460726, 4 
S, 505, 1615883390, 190608, 9
R, 506, 1615883390 , 251599, 4 
S, 506, 1615883390, 941007, 9
R, 507, 1615883390 , 960549, 4 
S, 507, 1615883391, 691427, 9
R, 508, 1615883391 , 712075, 4 
S, 508, 1615883392, 441781, 9
R, 509, 1615883392 , 502926, 4 
S, 509, 1615883393, 192159, 9
R, 510, 1615883393 , 211884, 4 
S, 510, 1615883393, 942562, 9
R, 511, 1615883393 , 962329, 4 
S, 511, 1615883394, 692987, 9
R, 512, 1615883394 , 755796, 4 
S, 512, 1615883395, 443401, 9
R, 513, 1615883395 , 464183, 4 
S, 513, 1615883396, 193841, 9
R, 514, 1615883396 , 213805, 4 
S, 514, 1615883396, 944234, 9
R, 515, 1615883397 , 3380, 4 
S, 515, 1615883397, 694634, 9
R, 516, 1615883397 , 714335, 4 
S, 516, 1615883398, 445053, 9
R, 517, 1615883398 , 464635, 4 
S, 517, 1615883399, 195472, 9
R, 518, 1615883399 , 255080, 4 
S, 518, 1615883399, 945895, 9
R, 519, 1615883399 , 965326, 4 
S, 519, 1615883400, 696313, 9
R, 520, 1615883400 , 716892, 4 
S, 520, 1615883401, 446703, 9
R, 521, 1615883401 , 507239, 4 
S, 521, 1615883402, 197169, 9
R, 522, 1615883402 , 217393, 4 
S, 522, 1615883402, 947619, 9
R, 523, 1615883402 , 967686, 4 
S, 523, 1615883403, 698001, 9
R, 524, 1615883403 , 759164, 4 
S, 524, 1615883404, 448418, 9
R, 525, 1615883404 , 468225, 4 
S, 525, 1615883405, 198837, 9
R, 526, 1615883405 , 218442, 4 
S, 526, 1615883405, 949228, 9
R, 527, 1615883406 , 11297, 4 
S, 527, 1615883406, 699609, 9
R, 528, 1615883406 , 719629, 4 
S, 528, 1615883407, 450005, 9
R, 529, 1615883407 , 469823, 4 
S, 529, 1615883408, 200386, 9
R, 530, 1615883408 , 262670, 4 
S, 530, 1615883408, 950793, 9
R, 531, 1615883408 , 970455, 4 
S, 531, 1615883409, 701257, 9
R, 532, 1615883409 , 720077, 4 
S, 532, 1615883410, 451679, 9
R, 533, 1615883410 , 510920, 4 
S, 533, 1615883411, 202057, 9
R, 534, 1615883411 , 221168, 4 
S, 534, 1615883411, 952466, 9
R, 535, 1615883411 , 971426, 4 
S, 535, 1615883412, 702841, 9
R, 536, 1615883412 , 762964, 4 
S, 536, 1615883413, 453198, 9
R, 537, 1615883413 , 472621, 4 
S, 537, 1615883414, 203729, 9
R, 538, 1615883414 , 223897, 4 
S, 538, 1615883414, 954160, 9
R, 539, 1615883415 , 15376, 4 
S, 539, 1615883415, 704529, 9
R, 540, 1615883415 , 723769, 4 
S, 540, 1615883416, 454932, 9
R, 541, 1615883416 , 474704, 4 
S, 541, 1615883417, 205304, 9
R, 542, 1615883417 , 267445, 4 
S, 542, 1615883417, 955676, 9
R, 543, 1615883417 , 975131, 4 
S, 543, 1615883418, 706096, 9
R, 544, 1615883418 , 724775, 4 
S, 544, 1615883419, 456522, 9
R, 545, 1615883419 , 514549, 4 
S, 545, 1615883420, 206959, 9
R, 546, 1615883420 , 226079, 4 
S, 546, 1615883420, 957398, 9
R, 547, 1615883420 , 976990, 4 
S, 547, 1615883421, 707765, 9
R, 548, 1615883421 , 766593, 4 
S, 548, 1615883422, 458141, 9
R, 549, 1615883422 , 476806, 4 
S, 549, 1615883423, 208552, 9
R, 550, 1615883423 , 228354, 4 
S, 550, 1615883423, 958935, 9
R, 551, 1615883424 , 18741, 4 
S, 551, 1615883424, 709355, 9
R, 552, 1615883424 , 728995, 4 
S, 552, 1615883425, 459814, 9
R, 553, 1615883425 , 479826, 4 
S, 553, 1615883426, 210175, 9
R, 554, 1615883426 , 271372, 4 
S, 554, 1615883426, 960580, 9
R, 555, 1615883426 , 980971, 4 
S, 555, 1615883427, 710977, 9
R, 556, 1615883427 , 731169, 4 
S, 556, 1615883428, 461350, 9
R, 557, 1615883428 , 523374, 4 
S, 557, 1615883429, 211770, 9
R, 558, 1615883429 , 231330, 4 
S, 558, 1615883429, 962243, 9
R, 559, 1615883429 , 982150, 4 
S, 559, 1615883430, 712632, 9
R, 560, 1615883430 , 779537, 4 
S, 560, 1615883431, 462999, 9
R, 561, 1615883431 , 483331, 4 
S, 561, 1615883432, 213408, 9
R, 562, 1615883432 , 234263, 4 
S, 562, 1615883432, 963860, 9
R, 563, 1615883433 , 23132, 4 
S, 563, 1615883433, 714239, 9
R, 564, 1615883433 , 734698, 4 
S, 564, 1615883434, 464656, 9
R, 565, 1615883434 , 483867, 4 
S, 565, 1615883435, 215069, 9
R, 566, 1615883435 , 275340, 4 
S, 566, 1615883435, 965440, 9
R, 567, 1615883435 , 985549, 4 
S, 567, 1615883436, 715839, 9
R, 568, 1615883436 , 735164, 4 
S, 568, 1615883437, 466217, 9
R, 569, 1615883437 , 527369, 4 
S, 569, 1615883438, 216591, 9
R, 570, 1615883438 , 236990, 4 
