Type, Id paq, time stamp segundos, micro, long paq 
S, 0, 1615883930, 3998, 10
D, 0, 1615883930, 124328, 10 
R, 0, 1615883930 , 138990, 4 
S, 1, 1615883930, 954722, 10
D, 1, 1615883931, 74305, 10 
R, 1, 1615883931 , 88915, 4 
S, 2, 1615883931, 905393, 10
D, 2, 1615883932, 24842, 10 
R, 2, 1615883932 , 39054, 4 
S, 3, 1615883932, 856055, 10
D, 3, 1615883932, 984826, 10 
R, 3, 1615883933 , 202, 4 
S, 4, 1615883933, 806724, 10
D, 4, 1615883933, 924855, 10 
R, 4, 1615883933 , 939789, 4 
S, 5, 1615883934, 757393, 10
D, 5, 1615883934, 874406, 10 
R, 5, 1615883934 , 889435, 4 
S, 6, 1615883935, 708120, 10
D, 6, 1615883935, 834288, 10 
R, 6, 1615883935 , 849501, 4 
S, 7, 1615883936, 658794, 10
D, 7, 1615883936, 774453, 10 
R, 7, 1615883936 , 789012, 4 
S, 8, 1615883937, 609474, 10
D, 8, 1615883937, 734839, 10 
R, 8, 1615883937 , 749840, 4 
S, 9, 1615883938, 560139, 10
D, 9, 1615883938, 684887, 10 
R, 9, 1615883938 , 700301, 4 
S, 10, 1615883939, 510812, 10
D, 10, 1615883939, 634930, 10 
R, 10, 1615883939 , 649876, 4 
S, 11, 1615883940, 461536, 10
D, 11, 1615883940, 584290, 10 
R, 11, 1615883940 , 598149, 4 
S, 12, 1615883941, 412243, 10
D, 12, 1615883941, 534377, 10 
R, 12, 1615883941 , 548638, 4 
S, 13, 1615883942, 363057, 10
D, 13, 1615883942, 484350, 10 
R, 13, 1615883942 , 498441, 4 
S, 14, 1615883943, 313734, 10
D, 14, 1615883943, 434300, 10 
R, 14, 1615883943 , 448990, 4 
S, 15, 1615883944, 264395, 10
D, 15, 1615883944, 384396, 10 
R, 15, 1615883944 , 399025, 4 
S, 16, 1615883945, 215414, 10
D, 16, 1615883945, 334371, 10 
R, 16, 1615883945 , 349656, 4 
S, 17, 1615883946, 166131, 10
D, 17, 1615883946, 294338, 10 
R, 17, 1615883946 , 309131, 4 
S, 18, 1615883947, 116821, 10
D, 18, 1615883947, 244347, 10 
R, 18, 1615883947 , 258223, 4 
S, 19, 1615883948, 67513, 10
D, 19, 1615883948, 194349, 10 
R, 19, 1615883948 , 208864, 4 
S, 20, 1615883949, 18202, 10
D, 20, 1615883949, 144349, 10 
R, 20, 1615883949 , 159471, 4 
S, 21, 1615883949, 968875, 10
D, 21, 1615883950, 94371, 10 
R, 21, 1615883950 , 109088, 4 
S, 22, 1615883950, 919623, 10
D, 22, 1615883951, 44343, 10 
R, 22, 1615883951 , 59745, 4 
S, 23, 1615883951, 870278, 10
D, 23, 1615883951, 994346, 10 
R, 23, 1615883952 , 9013, 4 
S, 24, 1615883952, 820940, 10
D, 24, 1615883952, 944291, 10 
R, 24, 1615883952 , 958202, 4 
S, 25, 1615883953, 771631, 10
D, 25, 1615883953, 894356, 10 
R, 25, 1615883953 , 908694, 4 
S, 26, 1615883954, 722315, 10
D, 26, 1615883954, 844396, 10 
R, 26, 1615883954 , 859420, 4 
S, 27, 1615883955, 673035, 10
D, 27, 1615883955, 804265, 10 
R, 27, 1615883955 , 819093, 4 
S, 28, 1615883956, 623697, 10
D, 28, 1615883956, 744351, 10 
R, 28, 1615883956 , 758077, 4 
S, 29, 1615883957, 574360, 10
D, 29, 1615883957, 694356, 10 
R, 29, 1615883957 , 709807, 4 
S, 30, 1615883958, 525013, 10
D, 30, 1615883958, 644345, 10 
R, 30, 1615883958 , 659256, 4 
S, 31, 1615883959, 475698, 10
D, 31, 1615883959, 594314, 10 
R, 31, 1615883959 , 608555, 4 
S, 32, 1615883960, 426405, 10
D, 32, 1615883960, 544344, 10 
R, 32, 1615883960 , 557906, 4 
S, 33, 1615883961, 377120, 10
D, 33, 1615883961, 504346, 10 
R, 33, 1615883961 , 519083, 4 
S, 34, 1615883962, 327800, 10
D, 34, 1615883962, 454359, 10 
R, 34, 1615883962 , 468426, 4 
S, 35, 1615883963, 278465, 10
D, 35, 1615883963, 404355, 10 
R, 35, 1615883963 , 418997, 4 
S, 36, 1615883964, 229142, 10
D, 36, 1615883964, 354405, 10 
R, 36, 1615883964 , 369750, 4 
S, 37, 1615883965, 179805, 10
D, 37, 1615883965, 304364, 10 
R, 37, 1615883965 , 318136, 4 
S, 38, 1615883966, 130525, 10
D, 38, 1615883966, 254371, 10 
R, 38, 1615883966 , 268163, 4 
S, 39, 1615883967, 81193, 10
D, 39, 1615883967, 204279, 10 
R, 39, 1615883967 , 218546, 4 
S, 40, 1615883968, 31856, 10
D, 40, 1615883968, 154311, 10 
R, 40, 1615883968 , 169188, 4 
S, 41, 1615883968, 982564, 10
D, 41, 1615883969, 104346, 10 
R, 41, 1615883969 , 119787, 4 
S, 42, 1615883969, 933232, 10
D, 42, 1615883970, 64378, 10 
R, 42, 1615883970 , 77664, 4 
S, 43, 1615883970, 884041, 10
D, 43, 1615883971, 4294, 10 
R, 43, 1615883971 , 17650, 4 
S, 44, 1615883971, 834709, 10
D, 44, 1615883971, 964347, 10 
R, 44, 1615883971 , 978164, 4 
S, 45, 1615883972, 785371, 10
D, 45, 1615883972, 904356, 10 
R, 45, 1615883972 , 918770, 4 
S, 46, 1615883973, 736022, 10
D, 46, 1615883973, 864369, 10 
R, 46, 1615883973 , 878906, 4 
S, 47, 1615883974, 686690, 10
D, 47, 1615883974, 804419, 10 
R, 47, 1615883974 , 819191, 4 
S, 48, 1615883975, 637401, 10
D, 48, 1615883975, 764302, 10 
R, 48, 1615883975 , 778827, 4 
S, 49, 1615883976, 588065, 10
D, 49, 1615883976, 704372, 10 
R, 49, 1615883976 , 717665, 4 
S, 50, 1615883977, 538758, 10
D, 50, 1615883977, 664350, 10 
R, 50, 1615883977 , 679841, 4 
S, 51, 1615883978, 489426, 10
D, 51, 1615883978, 614403, 10 
R, 51, 1615883978 , 629063, 4 
S, 52, 1615883979, 440109, 10
D, 52, 1615883979, 564378, 10 
R, 52, 1615883979 , 577838, 4 
S, 53, 1615883980, 390829, 10
D, 53, 1615883980, 514359, 10 
R, 53, 1615883980 , 528494, 4 
S, 54, 1615883981, 341501, 10
D, 54, 1615883981, 464528, 10 
R, 54, 1615883981 , 479558, 4 
S, 55, 1615883982, 292184, 10
D, 55, 1615883982, 414566, 10 
R, 55, 1615883982 , 428515, 4 
S, 56, 1615883983, 242860, 10
D, 56, 1615883983, 374583, 10 
R, 56, 1615883983 , 389414, 4 
S, 57, 1615883984, 193530, 10
D, 57, 1615883984, 314569, 10 
R, 57, 1615883984 , 330379, 4 
S, 58, 1615883985, 144259, 10
D, 58, 1615883985, 264506, 10 
R, 58, 1615883985 , 279186, 4 
S, 59, 1615883986, 94992, 10
D, 59, 1615883986, 224365, 10 
R, 59, 1615883986 , 238308, 4 
S, 60, 1615883987, 45657, 10
D, 60, 1615883987, 174442, 10 
R, 60, 1615883987 , 189417, 4 
S, 61, 1615883987, 996314, 10
D, 61, 1615883988, 124410, 10 
R, 61, 1615883988 , 141245, 4 
S, 62, 1615883988, 946994, 10
D, 62, 1615883989, 74339, 10 
R, 62, 1615883989 , 88539, 4 
S, 63, 1615883989, 897672, 10
D, 63, 1615883990, 24416, 10 
R, 63, 1615883990 , 37861, 4 
S, 64, 1615883990, 848401, 10
D, 64, 1615883990, 974494, 10 
R, 64, 1615883990 , 988400, 4 
S, 65, 1615883991, 799064, 10
D, 65, 1615883991, 924337, 10 
R, 65, 1615883991 , 938243, 4 
S, 66, 1615883992, 749734, 10
D, 66, 1615883992, 874359, 10 
R, 66, 1615883992 , 888885, 4 
S, 67, 1615883993, 700393, 10
D, 67, 1615883993, 824373, 10 
R, 67, 1615883993 , 839325, 4 
S, 68, 1615883994, 651069, 10
D, 68, 1615883994, 780939, 10 
R, 68, 1615883994 , 791942, 4 
S, 69, 1615883995, 601789, 10
D, 69, 1615883995, 724430, 10 
R, 69, 1615883995 , 738458, 4 
S, 70, 1615883996, 552452, 10
D, 70, 1615883996, 674322, 10 
R, 70, 1615883996 , 687679, 4 
S, 71, 1615883997, 503114, 10
D, 71, 1615883997, 624339, 10 
R, 71, 1615883997 , 638934, 4 
S, 72, 1615883998, 453815, 10
D, 72, 1615883998, 574439, 10 
R, 72, 1615883998 , 589459, 4 
S, 73, 1615883999, 404496, 10
D, 73, 1615883999, 524344, 10 
R, 73, 1615883999 , 538692, 4 
S, 74, 1615884000, 355153, 10
D, 74, 1615884000, 474407, 10 
R, 74, 1615884000 , 488149, 4 
S, 75, 1615884001, 305876, 10
D, 75, 1615884001, 424322, 10 
R, 75, 1615884001 , 439916, 4 
S, 76, 1615884002, 256560, 10
D, 76, 1615884002, 375319, 10 
R, 76, 1615884002 , 424237, 4 
S, 77, 1615884003, 207240, 10
D, 77, 1615884003, 334482, 10 
R, 77, 1615884003 , 348598, 4 
S, 78, 1615884004, 157912, 10
D, 78, 1615884004, 284396, 10 
R, 78, 1615884004 , 299201, 4 
S, 79, 1615884005, 108627, 10
D, 79, 1615884005, 234342, 10 
R, 79, 1615884005 , 249065, 4 
S, 80, 1615884006, 59348, 10
D, 80, 1615884006, 174336, 10 
R, 80, 1615884006 , 188664, 4 
S, 81, 1615884007, 10062, 10
D, 81, 1615884007, 134476, 10 
R, 81, 1615884007 , 148805, 4 
S, 82, 1615884007, 960791, 10
D, 82, 1615884008, 84356, 10 
R, 82, 1615884008 , 98634, 4 
S, 83, 1615884008, 911480, 10
D, 83, 1615884009, 34341, 10 
R, 83, 1615884009 , 48517, 4 
S, 84, 1615884009, 862160, 10
D, 84, 1615884009, 984406, 10 
R, 84, 1615884009 , 998690, 4 
S, 85, 1615884010, 812890, 10
D, 85, 1615884010, 934347, 10 
R, 85, 1615884010 , 948385, 4 
S, 86, 1615884011, 763639, 10
D, 86, 1615884011, 884386, 10 
R, 86, 1615884011 , 898850, 4 
S, 87, 1615884012, 714290, 10
D, 87, 1615884012, 834378, 10 
R, 87, 1615884012 , 848715, 4 
S, 88, 1615884013, 664962, 10
D, 88, 1615884013, 784406, 10 
R, 88, 1615884013 , 799836, 4 
S, 89, 1615884014, 615638, 10
D, 89, 1615884014, 744393, 10 
R, 89, 1615884014 , 759022, 4 
S, 90, 1615884015, 566362, 10
D, 90, 1615884015, 684362, 10 
R, 90, 1615884015 , 698644, 4 
S, 91, 1615884016, 517085, 10
D, 91, 1615884016, 644407, 10 
R, 91, 1615884016 , 659359, 4 
S, 92, 1615884017, 467755, 10
D, 92, 1615884017, 594344, 10 
R, 92, 1615884017 , 608525, 4 
S, 93, 1615884018, 418403, 10
D, 93, 1615884018, 544308, 10 
R, 93, 1615884018 , 559086, 4 
S, 94, 1615884019, 369063, 10
D, 94, 1615884019, 494484, 10 
R, 94, 1615884019 , 509092, 4 
S, 95, 1615884020, 319731, 10
D, 95, 1615884020, 444354, 10 
R, 95, 1615884020 , 458272, 4 
S, 96, 1615884021, 270449, 10
D, 96, 1615884021, 394409, 10 
R, 96, 1615884021 , 408142, 4 
S, 97, 1615884022, 221151, 10
D, 97, 1615884022, 344394, 10 
R, 97, 1615884022 , 359252, 4 
S, 98, 1615884023, 171811, 10
D, 98, 1615884023, 294444, 10 
R, 98, 1615884023 , 307895, 4 
S, 99, 1615884024, 122481, 10
D, 99, 1615884024, 244337, 10 
R, 99, 1615884024 , 259810, 4 
S, 100, 1615884025, 73157, 10
D, 100, 1615884025, 194326, 10 
R, 100, 1615884025 , 209108, 4 
S, 101, 1615884026, 23988, 10
D, 101, 1615884026, 144358, 10 
R, 101, 1615884026 , 158891, 4 
S, 102, 1615884026, 974665, 10
D, 102, 1615884027, 94468, 10 
R, 102, 1615884027 , 108764, 4 
S, 103, 1615884027, 925325, 10
D, 103, 1615884028, 54501, 10 
R, 103, 1615884028 , 68261, 4 
S, 104, 1615884028, 875980, 10
D, 104, 1615884028, 994309, 10 
R, 104, 1615884029 , 8434, 4 
S, 105, 1615884029, 826641, 10
D, 105, 1615884029, 954426, 10 
R, 105, 1615884029 , 968281, 4 
S, 106, 1615884030, 777355, 10
D, 106, 1615884030, 894371, 10 
R, 106, 1615884030 , 907815, 4 
S, 107, 1615884031, 728003, 10
D, 107, 1615884031, 854410, 10 
R, 107, 1615884031 , 868618, 4 
S, 108, 1615884032, 678704, 10
D, 108, 1615884032, 804395, 10 
R, 108, 1615884032 , 818611, 4 
S, 109, 1615884033, 629348, 10
D, 109, 1615884033, 754320, 10 
R, 109, 1615884033 , 767715, 4 
S, 110, 1615884034, 580031, 10
D, 110, 1615884034, 704363, 10 
R, 110, 1615884034 , 719245, 4 
S, 111, 1615884035, 530744, 10
D, 111, 1615884035, 654375, 10 
R, 111, 1615884035 , 669520, 4 
S, 112, 1615884036, 481483, 10
D, 112, 1615884036, 604431, 10 
R, 112, 1615884036 , 619272, 4 
S, 113, 1615884037, 432141, 10
D, 113, 1615884037, 554398, 10 
R, 113, 1615884037 , 568612, 4 
S, 114, 1615884038, 382826, 10
D, 114, 1615884038, 504354, 10 
R, 114, 1615884038 , 519192, 4 
S, 115, 1615884039, 333500, 10
D, 115, 1615884039, 454476, 10 
R, 115, 1615884039 , 468569, 4 
S, 116, 1615884040, 284225, 10
D, 116, 1615884040, 404369, 10 
R, 116, 1615884040 , 419610, 4 
S, 117, 1615884041, 234941, 10
D, 117, 1615884041, 354315, 10 
R, 117, 1615884041 , 368846, 4 
S, 118, 1615884042, 185582, 10
D, 118, 1615884042, 314402, 10 
R, 118, 1615884042 , 327832, 4 
S, 119, 1615884043, 136281, 10
D, 119, 1615884043, 254364, 10 
R, 119, 1615884043 , 268639, 4 
S, 120, 1615884044, 86938, 10
D, 120, 1615884044, 214437, 10 
R, 120, 1615884044 , 228482, 4 
S, 121, 1615884045, 37595, 10
D, 121, 1615884045, 154300, 10 
R, 121, 1615884045 , 168684, 4 
S, 122, 1615884045, 988328, 10
D, 122, 1615884046, 114345, 10 
R, 122, 1615884046 , 129516, 4 
S, 123, 1615884046, 938995, 10
D, 123, 1615884047, 64354, 10 
R, 123, 1615884047 , 78056, 4 
S, 124, 1615884047, 889667, 10
D, 124, 1615884048, 14444, 10 
R, 124, 1615884048 , 29222, 4 
S, 125, 1615884048, 840326, 10
D, 125, 1615884048, 964347, 10 
R, 125, 1615884048 , 978436, 4 
S, 126, 1615884049, 790991, 10
D, 126, 1615884049, 914453, 10 
R, 126, 1615884049 , 928622, 4 
S, 127, 1615884050, 741705, 10
D, 127, 1615884050, 864303, 10 
R, 127, 1615884050 , 878523, 4 
S, 128, 1615884051, 692372, 10
D, 128, 1615884051, 814354, 10 
R, 128, 1615884051 , 828360, 4 
S, 129, 1615884052, 643011, 10
D, 129, 1615884052, 764346, 10 
R, 129, 1615884052 , 779536, 4 
S, 130, 1615884053, 593709, 10
D, 130, 1615884053, 714386, 10 
R, 130, 1615884053 , 728777, 4 
S, 131, 1615884054, 544369, 10
D, 131, 1615884054, 664322, 10 
R, 131, 1615884054 , 678100, 4 
S, 132, 1615884055, 495093, 10
D, 132, 1615884055, 624343, 10 
R, 132, 1615884055 , 637659, 4 
S, 133, 1615884056, 445819, 10
D, 133, 1615884056, 564397, 10 
R, 133, 1615884056 , 579083, 4 
S, 134, 1615884057, 396490, 10
D, 134, 1615884057, 524344, 10 
R, 134, 1615884057 , 539281, 4 
S, 135, 1615884058, 347136, 10
D, 135, 1615884058, 474397, 10 
R, 135, 1615884058 , 489162, 4 
S, 136, 1615884059, 297812, 10
D, 136, 1615884059, 424410, 10 
R, 136, 1615884059 , 438585, 4 
S, 137, 1615884060, 248469, 10
D, 137, 1615884060, 374438, 10 
R, 137, 1615884060 , 389215, 4 
S, 138, 1615884061, 199203, 10
D, 138, 1615884061, 324400, 10 
R, 138, 1615884061 , 338482, 4 
S, 139, 1615884062, 149980, 10
D, 139, 1615884062, 274364, 10 
R, 139, 1615884062 , 289040, 4 
S, 140, 1615884063, 100704, 10
D, 140, 1615884063, 224358, 10 
R, 140, 1615884063 , 239557, 4 
S, 141, 1615884064, 51368, 10
D, 141, 1615884064, 174422, 10 
R, 141, 1615884064 , 188261, 4 
S, 142, 1615884065, 2022, 10
D, 142, 1615884065, 124422, 10 
R, 142, 1615884065 , 138165, 4 
S, 143, 1615884065, 952756, 10
D, 143, 1615884066, 74397, 10 
R, 143, 1615884066 , 89665, 4 
S, 144, 1615884066, 903429, 10
D, 144, 1615884067, 34581, 10 
R, 144, 1615884067 , 49290, 4 
S, 145, 1615884067, 854173, 10
D, 145, 1615884067, 974675, 10 
R, 145, 1615884067 , 989412, 4 
S, 146, 1615884068, 804858, 10
D, 146, 1615884068, 924645, 10 
R, 146, 1615884068 , 938590, 4 
S, 147, 1615884069, 755526, 10
D, 147, 1615884069, 874354, 10 
R, 147, 1615884069 , 888281, 4 
S, 148, 1615884070, 706263, 10
D, 148, 1615884070, 834385, 10 
R, 148, 1615884070 , 848509, 4 
S, 149, 1615884071, 656984, 10
D, 149, 1615884071, 784341, 10 
R, 149, 1615884071 , 799086, 4 
S, 150, 1615884072, 607640, 10
D, 150, 1615884072, 734464, 10 
R, 150, 1615884072 , 748821, 4 
S, 151, 1615884073, 558379, 10
D, 151, 1615884073, 674388, 10 
R, 151, 1615884073 , 689653, 4 
S, 152, 1615884074, 509050, 10
D, 152, 1615884074, 634320, 10 
R, 152, 1615884074 , 649171, 4 
S, 153, 1615884075, 459763, 10
D, 153, 1615884075, 584417, 10 
R, 153, 1615884075 , 598007, 4 
S, 154, 1615884076, 410475, 10
D, 154, 1615884076, 534487, 10 
R, 154, 1615884076 , 549211, 4 
S, 155, 1615884077, 361137, 10
D, 155, 1615884077, 484358, 10 
R, 155, 1615884077 , 498467, 4 
S, 156, 1615884078, 311799, 10
D, 156, 1615884078, 444409, 10 
R, 156, 1615884078 , 458757, 4 
S, 157, 1615884079, 262519, 10
D, 157, 1615884079, 384396, 10 
R, 157, 1615884079 , 398485, 4 
S, 158, 1615884080, 213191, 10
D, 158, 1615884080, 334380, 10 
R, 158, 1615884080 , 348902, 4 
S, 159, 1615884081, 164009, 10
D, 159, 1615884081, 284394, 10 
R, 159, 1615884081 , 297529, 4 
S, 160, 1615884082, 114680, 10
D, 160, 1615884082, 234429, 10 
R, 160, 1615884082 , 248068, 4 
S, 161, 1615884083, 65355, 10
D, 161, 1615884083, 184310, 10 
R, 161, 1615884083 , 198554, 4 
S, 162, 1615884084, 16021, 10
D, 162, 1615884084, 134413, 10 
R, 162, 1615884084 , 149730, 4 
S, 163, 1615884084, 966741, 10
D, 163, 1615884085, 94475, 10 
R, 163, 1615884085 , 108773, 4 
S, 164, 1615884085, 917473, 10
D, 164, 1615884086, 44330, 10 
R, 164, 1615884086 , 58087, 4 
S, 165, 1615884086, 868162, 10
D, 165, 1615884086, 994414, 10 
R, 165, 1615884087 , 8591, 4 
S, 166, 1615884087, 818801, 10
D, 166, 1615884087, 934490, 10 
R, 166, 1615884087 , 948210, 4 
S, 167, 1615884088, 769462, 10
D, 167, 1615884088, 894444, 10 
R, 167, 1615884088 , 908400, 4 
S, 168, 1615884089, 720142, 10
D, 168, 1615884089, 844365, 10 
R, 168, 1615884089 , 858585, 4 
S, 169, 1615884090, 670867, 10
D, 169, 1615884090, 794409, 10 
R, 169, 1615884090 , 808384, 4 
S, 170, 1615884091, 621587, 10
D, 170, 1615884091, 744357, 10 
R, 170, 1615884091 , 758869, 4 
S, 171, 1615884092, 572252, 10
D, 171, 1615884092, 694481, 10 
R, 171, 1615884092 , 709357, 4 
S, 172, 1615884093, 522919, 10
D, 172, 1615884093, 644359, 10 
R, 172, 1615884093 , 658537, 4 
S, 173, 1615884094, 473589, 10
D, 173, 1615884094, 594367, 10 
R, 173, 1615884094 , 609151, 4 
S, 174, 1615884095, 424265, 10
D, 174, 1615884095, 544407, 10 
R, 174, 1615884095 , 558560, 4 
S, 175, 1615884096, 374980, 10
D, 175, 1615884096, 494491, 10 
R, 175, 1615884096 , 508959, 4 
S, 176, 1615884097, 325653, 10
D, 176, 1615884097, 444391, 10 
R, 176, 1615884097 , 457891, 4 
S, 177, 1615884098, 276307, 10
D, 177, 1615884098, 404647, 10 
R, 177, 1615884098 , 418080, 4 
S, 178, 1615884099, 226982, 10
D, 178, 1615884099, 354581, 10 
R, 178, 1615884099 , 369384, 4 
S, 179, 1615884100, 177657, 10
D, 179, 1615884100, 294468, 10 
R, 179, 1615884100 , 308609, 4 
S, 180, 1615884101, 128379, 10
D, 180, 1615884101, 254446, 10 
R, 180, 1615884101 , 268887, 4 
S, 181, 1615884102, 79040, 10
D, 181, 1615884102, 204346, 10 
R, 181, 1615884102 , 218088, 4 
S, 182, 1615884103, 29718, 10
D, 182, 1615884103, 154301, 10 
R, 182, 1615884103 , 169584, 4 
S, 183, 1615884103, 980429, 10
D, 183, 1615884104, 104366, 10 
R, 183, 1615884104 , 118439, 4 
S, 184, 1615884104, 931114, 10
D, 184, 1615884105, 16512, 10 
R, 184, 1615884105 , 28034, 4 
S, 185, 1615884105, 781730, 10
D, 185, 1615884105, 904396, 10 
R, 185, 1615884105 , 919757, 4 
S, 186, 1615884106, 732402, 10
D, 186, 1615884106, 854411, 10 
R, 186, 1615884106 , 869010, 4 
S, 187, 1615884107, 683071, 10
D, 187, 1615884107, 804372, 10 
R, 187, 1615884107 , 818177, 4 
S, 188, 1615884108, 633740, 10
D, 188, 1615884108, 754401, 10 
R, 188, 1615884108 , 768732, 4 
S, 189, 1615884109, 584435, 10
D, 189, 1615884109, 714315, 10 
R, 189, 1615884109 , 729029, 4 
S, 190, 1615884110, 535144, 10
D, 190, 1615884110, 654411, 10 
R, 190, 1615884110 , 669209, 4 
S, 191, 1615884111, 485862, 10
D, 191, 1615884111, 604287, 10 
R, 191, 1615884111 , 619105, 4 
S, 192, 1615884112, 436515, 10
D, 192, 1615884112, 554300, 10 
R, 192, 1615884112 , 568449, 4 
S, 193, 1615884113, 387171, 10
D, 193, 1615884113, 514354, 10 
R, 193, 1615884113 , 528588, 4 
S, 194, 1615884114, 337857, 10
D, 194, 1615884114, 464406, 10 
R, 194, 1615884114 , 477986, 4 
S, 195, 1615884115, 288545, 10
D, 195, 1615884115, 414434, 10 
R, 195, 1615884115 , 428485, 4 
S, 196, 1615884116, 239279, 10
D, 196, 1615884116, 364350, 10 
R, 196, 1615884116 , 379037, 4 
S, 197, 1615884117, 189938, 10
D, 197, 1615884117, 314346, 10 
R, 197, 1615884117 , 328887, 4 
S, 198, 1615884118, 140602, 10
D, 198, 1615884118, 264555, 10 
R, 198, 1615884118 , 279906, 4 
S, 199, 1615884119, 91305, 10
D, 199, 1615884119, 214378, 10 
R, 199, 1615884119 , 228765, 4 
S, 200, 1615884120, 41985, 10
D, 200, 1615884120, 164315, 10 
R, 200, 1615884120 , 178158, 4 
S, 201, 1615884120, 992705, 10
D, 201, 1615884121, 114467, 10 
R, 201, 1615884121 , 128725, 4 
S, 202, 1615884121, 943379, 10
D, 202, 1615884122, 64363, 10 
R, 202, 1615884122 , 78580, 4 
S, 203, 1615884122, 894135, 10
D, 203, 1615884123, 14480, 10 
R, 203, 1615884123 , 29128, 4 
S, 204, 1615884123, 844798, 10
D, 204, 1615884123, 964361, 10 
R, 204, 1615884123 , 979789, 4 
S, 205, 1615884124, 795465, 10
D, 205, 1615884124, 914335, 10 
R, 205, 1615884124 , 928398, 4 
S, 206, 1615884125, 746200, 10
D, 206, 1615884125, 874404, 10 
R, 206, 1615884125 , 888636, 4 
S, 207, 1615884126, 696927, 10
D, 207, 1615884126, 814486, 10 
R, 207, 1615884126 , 828225, 4 
S, 208, 1615884127, 647589, 10
D, 208, 1615884127, 774448, 10 
R, 208, 1615884127 , 789418, 4 
S, 209, 1615884128, 598236, 10
D, 209, 1615884128, 714285, 10 
R, 209, 1615884128 , 729163, 4 
S, 210, 1615884129, 548926, 10
D, 210, 1615884129, 674440, 10 
R, 210, 1615884129 , 688301, 4 
S, 211, 1615884130, 499636, 10
D, 211, 1615884130, 624403, 10 
R, 211, 1615884130 , 639201, 4 
S, 212, 1615884131, 450358, 10
D, 212, 1615884131, 574367, 10 
R, 212, 1615884131 , 588662, 4 
S, 213, 1615884132, 401031, 10
D, 213, 1615884132, 524615, 10 
R, 213, 1615884132 , 538922, 4 
S, 214, 1615884133, 351732, 10
D, 214, 1615884133, 474311, 10 
R, 214, 1615884133 , 488822, 4 
S, 215, 1615884134, 302421, 10
D, 215, 1615884134, 424634, 10 
R, 215, 1615884134 , 440766, 4 
S, 216, 1615884135, 253083, 10
D, 216, 1615884135, 374665, 10 
R, 216, 1615884135 , 390266, 4 
S, 217, 1615884136, 203838, 10
D, 217, 1615884136, 324524, 10 
R, 217, 1615884136 , 338862, 4 
S, 218, 1615884137, 154528, 10
D, 218, 1615884137, 274299, 10 
R, 218, 1615884137 , 288236, 4 
S, 219, 1615884138, 105216, 10
D, 219, 1615884138, 224332, 10 
R, 219, 1615884138 , 239404, 4 
S, 220, 1615884139, 55913, 10
D, 220, 1615884139, 184368, 10 
R, 220, 1615884139 , 198324, 4 
S, 221, 1615884140, 6576, 10
D, 221, 1615884140, 134516, 10 
R, 221, 1615884140 , 149004, 4 
S, 222, 1615884140, 957276, 10
D, 222, 1615884141, 74432, 10 
R, 222, 1615884141 , 89159, 4 
S, 223, 1615884141, 907971, 10
D, 223, 1615884142, 34346, 10 
R, 223, 1615884142 , 48718, 4 
S, 224, 1615884142, 858650, 10
D, 224, 1615884142, 984287, 10 
R, 224, 1615884142 , 998595, 4 
S, 225, 1615884143, 809311, 10
D, 225, 1615884143, 934489, 10 
R, 225, 1615884143 , 948465, 4 
S, 226, 1615884144, 759982, 10
D, 226, 1615884144, 884358, 10 
R, 226, 1615884144 , 899802, 4 
S, 227, 1615884145, 710700, 10
D, 227, 1615884145, 834298, 10 
R, 227, 1615884145 , 849009, 4 
S, 228, 1615884146, 661422, 10
D, 228, 1615884146, 784347, 10 
R, 228, 1615884146 , 797669, 4 
S, 229, 1615884147, 612081, 10
D, 229, 1615884147, 734496, 10 
R, 229, 1615884147 , 748075, 4 
S, 230, 1615884148, 562746, 10
D, 230, 1615884148, 684392, 10 
R, 230, 1615884148 , 698624, 4 
S, 231, 1615884149, 513431, 10
D, 231, 1615884149, 634409, 10 
R, 231, 1615884149 , 649879, 4 
S, 232, 1615884150, 464168, 10
D, 232, 1615884150, 584364, 10 
R, 232, 1615884150 , 599278, 4 
S, 233, 1615884151, 414902, 10
D, 233, 1615884151, 534341, 10 
R, 233, 1615884151 , 547842, 4 
S, 234, 1615884152, 365548, 10
D, 234, 1615884152, 484299, 10 
R, 234, 1615884152 , 498514, 4 
S, 235, 1615884153, 316204, 10
D, 235, 1615884153, 434392, 10 
R, 235, 1615884153 , 448278, 4 
S, 236, 1615884154, 266902, 10
D, 236, 1615884154, 384390, 10 
R, 236, 1615884154 , 399563, 4 
S, 237, 1615884155, 217596, 10
D, 237, 1615884155, 338841, 10 
R, 237, 1615884155 , 384153, 4 
S, 238, 1615884156, 168317, 10
D, 238, 1615884156, 294388, 10 
R, 238, 1615884156 , 308840, 4 
S, 239, 1615884157, 118992, 10
D, 239, 1615884157, 234293, 10 
R, 239, 1615884157 , 248348, 4 
S, 240, 1615884158, 69648, 10
D, 240, 1615884158, 194701, 10 
R, 240, 1615884158 , 209871, 4 
S, 241, 1615884159, 20325, 10
D, 241, 1615884159, 144548, 10 
R, 241, 1615884159 , 159490, 4 
S, 242, 1615884159, 970987, 10
D, 242, 1615884160, 94491, 10 
R, 242, 1615884160 , 109024, 4 
S, 243, 1615884160, 921720, 10
D, 243, 1615884161, 44373, 10 
R, 243, 1615884161 , 59499, 4 
S, 244, 1615884161, 872415, 10
D, 244, 1615884161, 994298, 10 
R, 244, 1615884162 , 9421, 4 
S, 245, 1615884162, 823074, 10
D, 245, 1615884162, 944534, 10 
R, 245, 1615884162 , 958991, 4 
S, 246, 1615884163, 773735, 10
D, 246, 1615884163, 894513, 10 
R, 246, 1615884163 , 908342, 4 
S, 247, 1615884164, 724397, 10
D, 247, 1615884164, 844495, 10 
R, 247, 1615884164 , 859733, 4 
S, 248, 1615884165, 675121, 10
D, 248, 1615884165, 804553, 10 
R, 248, 1615884165 , 819899, 4 
S, 249, 1615884166, 625840, 10
D, 249, 1615884166, 744552, 10 
R, 249, 1615884166 , 759447, 4 
S, 250, 1615884167, 576510, 10
D, 250, 1615884167, 694560, 10 
R, 250, 1615884167 , 708697, 4 
S, 251, 1615884168, 527193, 10
D, 251, 1615884168, 644535, 10 
R, 251, 1615884168 , 657940, 4 
S, 252, 1615884169, 477920, 10
D, 252, 1615884169, 594704, 10 
R, 252, 1615884169 , 610579, 4 
S, 253, 1615884170, 428597, 10
D, 253, 1615884170, 554682, 10 
R, 253, 1615884170 , 569311, 4 
S, 254, 1615884171, 379331, 10
D, 254, 1615884171, 504878, 10 
R, 254, 1615884171 , 519251, 4 
S, 255, 1615884172, 329994, 10
D, 255, 1615884172, 454785, 10 
R, 255, 1615884172 , 469093, 4 
S, 256, 1615884173, 280655, 10
D, 256, 1615884173, 404746, 10 
R, 256, 1615884173 , 419607, 4 
S, 257, 1615884174, 231327, 10
D, 257, 1615884174, 354785, 10 
R, 257, 1615884174 , 370819, 4 
S, 258, 1615884175, 182016, 10
D, 258, 1615884175, 304696, 10 
R, 258, 1615884175 , 319032, 4 
S, 259, 1615884176, 132752, 10
D, 259, 1615884176, 254480, 10 
R, 259, 1615884176 , 269386, 4 
S, 260, 1615884177, 83424, 10
D, 260, 1615884177, 204595, 10 
R, 260, 1615884177 , 219782, 4 
S, 261, 1615884178, 34165, 10
D, 261, 1615884178, 154702, 10 
R, 261, 1615884178 , 168697, 4 
S, 262, 1615884178, 984825, 10
D, 262, 1615884179, 104672, 10 
R, 262, 1615884179 , 119255, 4 
S, 263, 1615884179, 935508, 10
D, 263, 1615884180, 54612, 10 
R, 263, 1615884180 , 70087, 4 
S, 264, 1615884180, 886170, 10
D, 264, 1615884181, 4637, 10 
R, 264, 1615884181 , 29983, 4 
S, 265, 1615884181, 836918, 10
D, 265, 1615884181, 964692, 10 
R, 265, 1615884181 , 979573, 4 
S, 266, 1615884182, 787600, 10
D, 266, 1615884182, 914614, 10 
R, 266, 1615884182 , 930063, 4 
S, 267, 1615884183, 738259, 10
D, 267, 1615884183, 864686, 10 
R, 267, 1615884183 , 878719, 4 
S, 268, 1615884184, 688921, 10
D, 268, 1615884184, 814706, 10 
R, 268, 1615884184 , 830120, 4 
S, 269, 1615884185, 639631, 10
D, 269, 1615884185, 764582, 10 
R, 269, 1615884185 , 779773, 4 
S, 270, 1615884186, 590345, 10
D, 270, 1615884186, 714522, 10 
R, 270, 1615884186 , 728765, 4 
S, 271, 1615884187, 541010, 10
D, 271, 1615884187, 664571, 10 
R, 271, 1615884187 , 679408, 4 
S, 272, 1615884188, 491678, 10
D, 272, 1615884188, 614553, 10 
R, 272, 1615884188 , 628348, 4 
S, 273, 1615884189, 442411, 10
D, 273, 1615884189, 565149, 10 
R, 273, 1615884189 , 581091, 4 
S, 274, 1615884190, 393092, 10
D, 274, 1615884190, 514979, 10 
R, 274, 1615884190 , 528576, 4 
S, 275, 1615884191, 343756, 10
D, 275, 1615884191, 464503, 10 
R, 275, 1615884191 , 479554, 4 
S, 276, 1615884192, 294412, 10
D, 276, 1615884192, 414513, 10 
R, 276, 1615884192 , 428711, 4 
S, 277, 1615884193, 245090, 10
D, 277, 1615884193, 374539, 10 
R, 277, 1615884193 , 388492, 4 
S, 278, 1615884194, 195754, 10
D, 278, 1615884194, 314471, 10 
R, 278, 1615884194 , 328631, 4 
S, 279, 1615884195, 146438, 10
D, 279, 1615884195, 274551, 10 
R, 279, 1615884195 , 289666, 4 
S, 280, 1615884196, 97168, 10
D, 280, 1615884196, 214506, 10 
R, 280, 1615884196 , 229797, 4 
S, 281, 1615884197, 47834, 10
D, 281, 1615884197, 174535, 10 
R, 281, 1615884197 , 189279, 4 
S, 282, 1615884197, 998493, 10
D, 282, 1615884198, 124572, 10 
R, 282, 1615884198 , 139289, 4 
S, 283, 1615884198, 949204, 10
D, 283, 1615884199, 74543, 10 
R, 283, 1615884199 , 89710, 4 
S, 284, 1615884199, 899921, 10
D, 284, 1615884200, 24578, 10 
R, 284, 1615884200 , 38066, 4 
S, 285, 1615884200, 850636, 10
D, 285, 1615884200, 974615, 10 
R, 285, 1615884200 , 988902, 4 
S, 286, 1615884201, 801350, 10
D, 286, 1615884201, 924568, 10 
R, 286, 1615884201 , 939543, 4 
S, 287, 1615884202, 752023, 10
D, 287, 1615884202, 874547, 10 
R, 287, 1615884202 , 889960, 4 
S, 288, 1615884203, 702668, 10
D, 288, 1615884203, 834514, 10 
R, 288, 1615884203 , 848806, 4 
S, 289, 1615884204, 653352, 10
D, 289, 1615884204, 774585, 10 
R, 289, 1615884204 , 788915, 4 
S, 290, 1615884205, 604134, 10
D, 290, 1615884205, 734648, 10 
R, 290, 1615884205 , 749202, 4 
S, 291, 1615884206, 554847, 10
D, 291, 1615884206, 674575, 10 
R, 291, 1615884206 , 688928, 4 
S, 292, 1615884207, 505501, 10
D, 292, 1615884207, 624576, 10 
R, 292, 1615884207 , 639472, 4 
S, 293, 1615884208, 456156, 10
D, 293, 1615884208, 574453, 10 
R, 293, 1615884208 , 588608, 4 
S, 294, 1615884209, 406885, 10
D, 294, 1615884209, 534586, 10 
R, 294, 1615884209 , 549740, 4 
S, 295, 1615884210, 357562, 10
D, 295, 1615884210, 474420, 10 
R, 295, 1615884210 , 488631, 4 
S, 296, 1615884211, 308287, 10
D, 296, 1615884211, 434532, 10 
R, 296, 1615884211 , 449392, 4 
S, 297, 1615884212, 258967, 10
D, 297, 1615884212, 374467, 10 
R, 297, 1615884212 , 387854, 4 
S, 298, 1615884213, 209637, 10
D, 298, 1615884213, 334540, 10 
R, 298, 1615884213 , 349126, 4 
S, 299, 1615884214, 160306, 10
D, 299, 1615884214, 284493, 10 
R, 299, 1615884214 , 299933, 4 
S, 300, 1615884215, 110982, 10
D, 300, 1615884215, 234605, 10 
R, 300, 1615884215 , 252675, 4 
S, 301, 1615884216, 61711, 10
D, 301, 1615884216, 184618, 10 
R, 301, 1615884216 , 199473, 4 
S, 302, 1615884217, 12398, 10
D, 302, 1615884217, 134609, 10 
R, 302, 1615884217 , 149291, 4 
S, 303, 1615884217, 963053, 10
D, 303, 1615884218, 84450, 10 
R, 303, 1615884218 , 100027, 4 
S, 304, 1615884218, 913708, 10
D, 304, 1615884219, 34595, 10 
R, 304, 1615884219 , 48581, 4 
S, 305, 1615884219, 864373, 10
D, 305, 1615884219, 984585, 10 
R, 305, 1615884219 , 999802, 4 
S, 306, 1615884220, 815103, 10
D, 306, 1615884220, 944599, 10 
R, 306, 1615884220 , 959132, 4 
S, 307, 1615884221, 765837, 10
D, 307, 1615884221, 894628, 10 
R, 307, 1615884221 , 909245, 4 
S, 308, 1615884222, 716511, 10
D, 308, 1615884222, 844399, 10 
R, 308, 1615884222 , 858704, 4 
S, 309, 1615884223, 667178, 10
D, 309, 1615884223, 794542, 10 
R, 309, 1615884223 , 810080, 4 
S, 310, 1615884224, 617832, 10
D, 310, 1615884224, 734450, 10 
R, 310, 1615884224 , 748848, 4 
S, 311, 1615884225, 568557, 10
D, 311, 1615884225, 694456, 10 
R, 311, 1615884225 , 707739, 4 
S, 312, 1615884226, 519269, 10
D, 312, 1615884226, 644533, 10 
R, 312, 1615884226 , 658517, 4 
S, 313, 1615884227, 469927, 10
D, 313, 1615884227, 594718, 10 
R, 313, 1615884227 , 609010, 4 
S, 314, 1615884228, 420575, 10
D, 314, 1615884228, 544502, 10 
R, 314, 1615884228 , 559365, 4 
S, 315, 1615884229, 371233, 10
D, 315, 1615884229, 494615, 10 
R, 315, 1615884229 , 508384, 4 
S, 316, 1615884230, 321944, 10
D, 316, 1615884230, 454578, 10 
R, 316, 1615884230 , 468588, 4 
S, 317, 1615884231, 272661, 10
D, 317, 1615884231, 394472, 10 
R, 317, 1615884231 , 408780, 4 
S, 318, 1615884232, 223322, 10
D, 318, 1615884232, 354516, 10 
R, 318, 1615884232 , 368628, 4 
S, 319, 1615884233, 174049, 10
D, 319, 1615884233, 294510, 10 
R, 319, 1615884233 , 309588, 4 
S, 320, 1615884234, 124726, 10
D, 320, 1615884234, 254544, 10 
R, 320, 1615884234 , 268966, 4 
S, 321, 1615884235, 75385, 10
D, 321, 1615884235, 194496, 10 
R, 321, 1615884235 , 209587, 4 
S, 322, 1615884236, 26104, 10
D, 322, 1615884236, 154544, 10 
R, 322, 1615884236 , 168681, 4 
S, 323, 1615884236, 976822, 10
D, 323, 1615884237, 104429, 10 
R, 323, 1615884237 , 119950, 4 
S, 324, 1615884237, 927475, 10
D, 324, 1615884238, 54596, 10 
R, 324, 1615884238 , 70256, 4 
S, 325, 1615884238, 878136, 10
D, 325, 1615884239, 4464, 10 
R, 325, 1615884239 , 19335, 4 
S, 326, 1615884239, 828817, 10
D, 326, 1615884239, 954579, 10 
R, 326, 1615884239 , 970076, 4 
S, 327, 1615884240, 779540, 10
D, 327, 1615884240, 894451, 10 
R, 327, 1615884240 , 908232, 4 
S, 328, 1615884241, 730263, 10
D, 328, 1615884241, 854614, 10 
R, 328, 1615884241 , 868893, 4 
S, 329, 1615884242, 681033, 10
D, 329, 1615884242, 804565, 10 
R, 329, 1615884242 , 820239, 4 
S, 330, 1615884243, 631680, 10
D, 330, 1615884243, 754425, 10 
R, 330, 1615884243 , 768229, 4 
S, 331, 1615884244, 582354, 10
D, 331, 1615884244, 704596, 10 
R, 331, 1615884244 , 718841, 4 
S, 332, 1615884245, 533064, 10
D, 332, 1615884245, 654597, 10 
R, 332, 1615884245 , 668692, 4 
S, 333, 1615884246, 483847, 10
D, 333, 1615884246, 604533, 10 
R, 333, 1615884246 , 618191, 4 
S, 334, 1615884247, 434507, 10
D, 334, 1615884247, 554532, 10 
R, 334, 1615884247 , 570850, 4 
S, 335, 1615884248, 385159, 10
D, 335, 1615884248, 504461, 10 
R, 335, 1615884248 , 519010, 4 
S, 336, 1615884249, 335890, 10
D, 336, 1615884249, 454455, 10 
R, 336, 1615884249 , 468708, 4 
S, 337, 1615884250, 286584, 10
D, 337, 1615884250, 414564, 10 
R, 337, 1615884250 , 429743, 4 
S, 338, 1615884251, 237309, 10
D, 338, 1615884251, 354464, 10 
R, 338, 1615884251 , 368674, 4 
S, 339, 1615884252, 187955, 10
D, 339, 1615884252, 314630, 10 
R, 339, 1615884252 , 329570, 4 
S, 340, 1615884253, 138619, 10
D, 340, 1615884253, 264496, 10 
R, 340, 1615884253 , 279289, 4 
S, 341, 1615884254, 89306, 10
D, 341, 1615884254, 214567, 10 
R, 341, 1615884254 , 229488, 4 
S, 342, 1615884255, 39988, 10
D, 342, 1615884255, 164600, 10 
R, 342, 1615884255 , 178230, 4 
S, 343, 1615884255, 990720, 10
D, 343, 1615884256, 114538, 10 
R, 343, 1615884256 , 127929, 4 
S, 344, 1615884256, 941444, 10
D, 344, 1615884257, 64423, 10 
R, 344, 1615884257 , 79071, 4 
S, 345, 1615884257, 892104, 10
D, 345, 1615884258, 14597, 10 
R, 345, 1615884258 , 28406, 4 
S, 346, 1615884258, 842773, 10
D, 346, 1615884258, 974591, 10 
R, 346, 1615884258 , 989272, 4 
S, 347, 1615884259, 793438, 10
D, 347, 1615884259, 914485, 10 
R, 347, 1615884259 , 928816, 4 
S, 348, 1615884260, 744220, 10
D, 348, 1615884260, 874486, 10 
R, 348, 1615884260 , 887757, 4 
S, 349, 1615884261, 694941, 10
D, 349, 1615884261, 814632, 10 
R, 349, 1615884261 , 828159, 4 
S, 350, 1615884262, 645592, 10
D, 350, 1615884262, 774570, 10 
R, 350, 1615884262 , 788235, 4 
S, 351, 1615884263, 596247, 10
D, 351, 1615884263, 724560, 10 
R, 351, 1615884263 , 739563, 4 
S, 352, 1615884264, 546914, 10
D, 352, 1615884264, 664598, 10 
R, 352, 1615884264 , 678422, 4 
S, 353, 1615884265, 497622, 10
D, 353, 1615884265, 624558, 10 
R, 353, 1615884265 , 637760, 4 
S, 354, 1615884266, 448344, 10
D, 354, 1615884266, 574612, 10 
R, 354, 1615884266 , 588860, 4 
S, 355, 1615884267, 399000, 10
D, 355, 1615884267, 514495, 10 
R, 355, 1615884267 , 530067, 4 
S, 356, 1615884268, 349652, 10
D, 356, 1615884268, 474614, 10 
R, 356, 1615884268 , 489138, 4 
S, 357, 1615884269, 300357, 10
D, 357, 1615884269, 424538, 10 
R, 357, 1615884269 , 437897, 4 
S, 358, 1615884270, 251016, 10
D, 358, 1615884270, 378121, 10 
R, 358, 1615884270 , 390376, 4 
S, 359, 1615884271, 201745, 10
D, 359, 1615884271, 324518, 10 
R, 359, 1615884271 , 338624, 4 
S, 360, 1615884272, 152417, 10
D, 360, 1615884272, 274610, 10 
R, 360, 1615884272 , 288664, 4 
S, 361, 1615884273, 103108, 10
D, 361, 1615884273, 234532, 10 
R, 361, 1615884273 , 248446, 4 
S, 362, 1615884274, 53757, 10
D, 362, 1615884274, 174600, 10 
R, 362, 1615884274 , 188955, 4 
S, 363, 1615884275, 4413, 10
D, 363, 1615884275, 124589, 10 
R, 363, 1615884275 , 139026, 4 
S, 364, 1615884275, 955133, 10
D, 364, 1615884276, 74495, 10 
R, 364, 1615884276 , 88999, 4 
S, 365, 1615884276, 905885, 10
D, 365, 1615884277, 34549, 10 
R, 365, 1615884277 , 48749, 4 
S, 366, 1615884277, 856561, 10
D, 366, 1615884277, 974540, 10 
R, 366, 1615884277 , 989323, 4 
S, 367, 1615884278, 807220, 10
D, 367, 1615884278, 934447, 10 
R, 367, 1615884278 , 948773, 4 
S, 368, 1615884279, 757894, 10
D, 368, 1615884279, 884542, 10 
R, 368, 1615884279 , 900001, 4 
S, 369, 1615884280, 708608, 10
D, 369, 1615884280, 834559, 10 
R, 369, 1615884280 , 849176, 4 
S, 370, 1615884281, 659322, 10
D, 370, 1615884281, 784540, 10 
R, 370, 1615884281 , 799532, 4 
S, 371, 1615884282, 609971, 10
D, 371, 1615884282, 734445, 10 
R, 371, 1615884282 , 748173, 4 
S, 372, 1615884283, 560620, 10
D, 372, 1615884283, 684547, 10 
R, 372, 1615884283 , 698626, 4 
S, 373, 1615884284, 511270, 10
D, 373, 1615884284, 634586, 10 
R, 373, 1615884284 , 648100, 4 
S, 374, 1615884285, 461922, 10
D, 374, 1615884285, 584525, 10 
R, 374, 1615884285 , 599355, 4 
S, 375, 1615884286, 412636, 10
D, 375, 1615884286, 534544, 10 
R, 375, 1615884286 , 549192, 4 
S, 376, 1615884287, 363301, 10
D, 376, 1615884287, 484532, 10 
R, 376, 1615884287 , 499253, 4 
S, 377, 1615884288, 314023, 10
D, 377, 1615884288, 434538, 10 
R, 377, 1615884288 , 449791, 4 
S, 378, 1615884289, 264685, 10
D, 378, 1615884289, 384413, 10 
R, 378, 1615884289 , 399097, 4 
S, 379, 1615884290, 215346, 10
D, 379, 1615884290, 334506, 10 
R, 379, 1615884290 , 347777, 4 
S, 380, 1615884291, 166087, 10
D, 380, 1615884291, 294629, 10 
R, 380, 1615884291 , 309559, 4 
S, 381, 1615884292, 116809, 10
D, 381, 1615884292, 234479, 10 
R, 381, 1615884292 , 249933, 4 
S, 382, 1615884293, 67457, 10
D, 382, 1615884293, 194514, 10 
R, 382, 1615884293 , 209243, 4 
S, 383, 1615884294, 18115, 10
D, 383, 1615884294, 144566, 10 
R, 383, 1615884294 , 159844, 4 
S, 384, 1615884294, 968768, 10
D, 384, 1615884295, 94558, 10 
R, 384, 1615884295 , 108513, 4 
S, 385, 1615884295, 919512, 10
D, 385, 1615884296, 44580, 10 
R, 385, 1615884296 , 59733, 4 
S, 386, 1615884296, 870194, 10
D, 386, 1615884296, 994571, 10 
R, 386, 1615884297 , 9557, 4 
S, 387, 1615884297, 820841, 10
D, 387, 1615884297, 944589, 10 
R, 387, 1615884297 , 959449, 4 
S, 388, 1615884298, 771534, 10
D, 388, 1615884298, 894447, 10 
R, 388, 1615884298 , 909234, 4 
S, 389, 1615884299, 722211, 10
D, 389, 1615884299, 844536, 10 
R, 389, 1615884299 , 859378, 4 
S, 390, 1615884300, 672927, 10
D, 390, 1615884300, 794581, 10 
R, 390, 1615884300 , 809892, 4 
S, 391, 1615884301, 623647, 10
D, 391, 1615884301, 744516, 10 
R, 391, 1615884301 , 758688, 4 
S, 392, 1615884302, 574417, 10
D, 392, 1615884302, 694504, 10 
R, 392, 1615884302 , 709859, 4 
S, 393, 1615884303, 525080, 10
D, 393, 1615884303, 644574, 10 
R, 393, 1615884303 , 659701, 4 
S, 394, 1615884304, 475742, 10
D, 394, 1615884304, 594448, 10 
R, 394, 1615884304 , 609731, 4 
S, 395, 1615884305, 426394, 10
D, 395, 1615884305, 544594, 10 
R, 395, 1615884305 , 559776, 4 
S, 396, 1615884306, 377092, 10
D, 396, 1615884306, 504563, 10 
R, 396, 1615884306 , 518745, 4 
S, 397, 1615884307, 327786, 10
D, 397, 1615884307, 454609, 10 
R, 397, 1615884307 , 469035, 4 
S, 398, 1615884308, 278452, 10
D, 398, 1615884308, 404559, 10 
R, 398, 1615884308 , 418953, 4 
S, 399, 1615884309, 229103, 10
D, 399, 1615884309, 354421, 10 
R, 399, 1615884309 , 370143, 4 
S, 400, 1615884310, 179760, 10
D, 400, 1615884310, 304550, 10 
R, 400, 1615884310 , 319220, 4 
S, 401, 1615884311, 130480, 10
D, 401, 1615884311, 254596, 10 
R, 401, 1615884311 , 268745, 4 
S, 402, 1615884312, 81201, 10
D, 402, 1615884312, 204506, 10 
R, 402, 1615884312 , 219770, 4 
S, 403, 1615884313, 31887, 10
D, 403, 1615884313, 154438, 10 
R, 403, 1615884313 , 168333, 4 
S, 404, 1615884313, 982545, 10
D, 404, 1615884314, 104543, 10 
R, 404, 1615884314 , 119482, 4 
S, 405, 1615884314, 933207, 10
D, 405, 1615884315, 54574, 10 
R, 405, 1615884315 , 68473, 4 
S, 406, 1615884315, 883996, 10
D, 406, 1615884316, 4586, 10 
R, 406, 1615884316 , 19687, 4 
S, 407, 1615884316, 834715, 10
D, 407, 1615884316, 954424, 10 
R, 407, 1615884316 , 969601, 4 
S, 408, 1615884317, 785357, 10
D, 408, 1615884317, 914572, 10 
R, 408, 1615884317 , 929413, 4 
S, 409, 1615884318, 735997, 10
D, 409, 1615884318, 854586, 10 
R, 409, 1615884318 , 869019, 4 
S, 410, 1615884319, 686668, 10
D, 410, 1615884319, 814562, 10 
R, 410, 1615884319 , 828378, 4 
S, 411, 1615884320, 637377, 10
D, 411, 1615884320, 754495, 10 
R, 411, 1615884320 , 768533, 4 
S, 412, 1615884321, 588082, 10
D, 412, 1615884321, 714592, 10 
R, 412, 1615884321 , 729399, 4 
S, 413, 1615884322, 538731, 10
D, 413, 1615884322, 664531, 10 
R, 413, 1615884322 , 679412, 4 
S, 414, 1615884323, 489390, 10
D, 414, 1615884323, 614581, 10 
R, 414, 1615884323 , 630570, 4 
S, 415, 1615884324, 440037, 10
D, 415, 1615884324, 564465, 10 
R, 415, 1615884324 , 579003, 4 
S, 416, 1615884325, 390710, 10
D, 416, 1615884325, 515202, 10 
R, 416, 1615884325 , 528599, 4 
S, 417, 1615884326, 341472, 10
D, 417, 1615884326, 464676, 10 
R, 417, 1615884326 , 478648, 4 
S, 418, 1615884327, 292168, 10
D, 418, 1615884327, 414362, 10 
R, 418, 1615884327 , 429354, 4 
S, 419, 1615884328, 242827, 10
D, 419, 1615884328, 364529, 10 
R, 419, 1615884328 , 379230, 4 
S, 420, 1615884329, 193554, 10
D, 420, 1615884329, 324317, 10 
R, 420, 1615884329 , 339152, 4 
S, 421, 1615884330, 144282, 10
D, 421, 1615884330, 264567, 10 
R, 421, 1615884330 , 278486, 4 
S, 422, 1615884331, 95025, 10
D, 422, 1615884331, 224568, 10 
R, 422, 1615884331 , 238032, 4 
S, 423, 1615884332, 45753, 10
D, 423, 1615884332, 164511, 10 
R, 423, 1615884332 , 179558, 4 
S, 424, 1615884332, 996415, 10
D, 424, 1615884333, 114493, 10 
R, 424, 1615884333 , 129431, 4 
S, 425, 1615884333, 947079, 10
D, 425, 1615884334, 74575, 10 
R, 425, 1615884334 , 90164, 4 
S, 426, 1615884334, 897753, 10
D, 426, 1615884335, 14494, 10 
R, 426, 1615884335 , 27698, 4 
S, 427, 1615884335, 848483, 10
D, 427, 1615884335, 974607, 10 
R, 427, 1615884335 , 988713, 4 
S, 428, 1615884336, 799205, 10
D, 428, 1615884336, 924567, 10 
R, 428, 1615884336 , 938015, 4 
S, 429, 1615884337, 749866, 10
D, 429, 1615884337, 874469, 10 
R, 429, 1615884337 , 888120, 4 
S, 430, 1615884338, 700532, 10
D, 430, 1615884338, 824468, 10 
R, 430, 1615884338 , 838705, 4 
S, 431, 1615884339, 651201, 10
D, 431, 1615884339, 774621, 10 
R, 431, 1615884339 , 789097, 4 
S, 432, 1615884340, 601869, 10
D, 432, 1615884340, 724566, 10 
R, 432, 1615884340 , 739716, 4 
S, 433, 1615884341, 552581, 10
D, 433, 1615884341, 674507, 10 
R, 433, 1615884341 , 688825, 4 
S, 434, 1615884342, 503249, 10
D, 434, 1615884342, 624573, 10 
R, 434, 1615884342 , 638844, 4 
S, 435, 1615884343, 453971, 10
D, 435, 1615884343, 574510, 10 
R, 435, 1615884343 , 589889, 4 
S, 436, 1615884344, 404649, 10
D, 436, 1615884344, 524565, 10 
R, 436, 1615884344 , 539835, 4 
S, 437, 1615884345, 355313, 10
D, 437, 1615884345, 474422, 10 
R, 437, 1615884345 , 488534, 4 
S, 438, 1615884346, 306046, 10
D, 438, 1615884346, 424580, 10 
R, 438, 1615884346 , 439122, 4 
S, 439, 1615884347, 256784, 10
D, 439, 1615884347, 374503, 10 
R, 439, 1615884347 , 389283, 4 
S, 440, 1615884348, 207459, 10
D, 440, 1615884348, 334615, 10 
R, 440, 1615884348 , 349210, 4 
S, 441, 1615884349, 158127, 10
D, 441, 1615884349, 274495, 10 
R, 441, 1615884349 , 288414, 4 
S, 442, 1615884350, 108799, 10
D, 442, 1615884350, 234481, 10 
R, 442, 1615884350 , 248712, 4 
S, 443, 1615884351, 59517, 10
D, 443, 1615884351, 184611, 10 
R, 443, 1615884351 , 198646, 4 
S, 444, 1615884352, 10265, 10
D, 444, 1615884352, 134587, 10 
R, 444, 1615884352 , 149803, 4 
S, 445, 1615884352, 960938, 10
D, 445, 1615884353, 84570, 10 
R, 445, 1615884353 , 99894, 4 
S, 446, 1615884353, 911590, 10
D, 446, 1615884354, 34511, 10 
R, 446, 1615884354 , 48832, 4 
S, 447, 1615884354, 862258, 10
D, 447, 1615884354, 984582, 10 
R, 447, 1615884354 , 998607, 4 
S, 448, 1615884355, 812969, 10
D, 448, 1615884355, 934447, 10 
R, 448, 1615884355 , 948340, 4 
S, 449, 1615884356, 763734, 10
D, 449, 1615884356, 894532, 10 
R, 449, 1615884356 , 909158, 4 
S, 450, 1615884357, 714395, 10
D, 450, 1615884357, 834495, 10 
R, 450, 1615884357 , 849471, 4 
S, 451, 1615884358, 665068, 10
D, 451, 1615884358, 784487, 10 
R, 451, 1615884358 , 799127, 4 
S, 452, 1615884359, 615732, 10
D, 452, 1615884359, 734578, 10 
R, 452, 1615884359 , 749085, 4 
S, 453, 1615884360, 566391, 10
D, 453, 1615884360, 694608, 10 
R, 453, 1615884360 , 708138, 4 
S, 454, 1615884361, 517110, 10
D, 454, 1615884361, 634494, 10 
R, 454, 1615884361 , 648626, 4 
S, 455, 1615884362, 467798, 10
D, 455, 1615884362, 594536, 10 
R, 455, 1615884362 , 609169, 4 
S, 456, 1615884363, 418466, 10
D, 456, 1615884363, 544552, 10 
R, 456, 1615884363 , 559167, 4 
S, 457, 1615884364, 369132, 10
D, 457, 1615884364, 494441, 10 
R, 457, 1615884364 , 510210, 4 
S, 458, 1615884365, 319805, 10
D, 458, 1615884365, 444553, 10 
R, 458, 1615884365 , 460350, 4 
S, 459, 1615884366, 270552, 10
D, 459, 1615884366, 394552, 10 
R, 459, 1615884366 , 409041, 4 
S, 460, 1615884367, 221281, 10
D, 460, 1615884367, 344418, 10 
R, 460, 1615884367 , 357862, 4 
S, 461, 1615884368, 171941, 10
D, 461, 1615884368, 294492, 10 
R, 461, 1615884368 , 309179, 4 
S, 462, 1615884369, 122644, 10
D, 462, 1615884369, 244511, 10 
R, 462, 1615884369 , 258992, 4 
S, 463, 1615884370, 73300, 10
D, 463, 1615884370, 194795, 10 
R, 463, 1615884370 , 209251, 4 
S, 464, 1615884371, 24137, 10
D, 464, 1615884371, 144538, 10 
R, 464, 1615884371 , 159053, 4 
S, 465, 1615884371, 974858, 10
D, 465, 1615884372, 94573, 10 
R, 465, 1615884372 , 109295, 4 
S, 466, 1615884372, 925532, 10
D, 466, 1615884373, 44539, 10 
R, 466, 1615884373 , 60990, 4 
S, 467, 1615884373, 876188, 10
D, 467, 1615884373, 994888, 10 
R, 467, 1615884374 , 9578, 4 
S, 468, 1615884374, 826862, 10
D, 468, 1615884374, 954507, 10 
R, 468, 1615884374 , 969330, 4 
S, 469, 1615884375, 777593, 10
D, 469, 1615884375, 894518, 10 
R, 469, 1615884375 , 909254, 4 
S, 470, 1615884376, 728312, 10
D, 470, 1615884376, 854585, 10 
R, 470, 1615884376 , 869120, 4 
S, 471, 1615884377, 678978, 10
D, 471, 1615884377, 804562, 10 
R, 471, 1615884377 , 819711, 4 
S, 472, 1615884378, 629623, 10
D, 472, 1615884378, 754522, 10 
R, 472, 1615884378 , 768792, 4 
S, 473, 1615884379, 580287, 10
D, 473, 1615884379, 704550, 10 
R, 473, 1615884379 , 718557, 4 
S, 474, 1615884380, 530924, 10
D, 474, 1615884380, 654655, 10 
R, 474, 1615884380 , 668488, 4 
S, 475, 1615884381, 481619, 10
D, 475, 1615884381, 604494, 10 
R, 475, 1615884381 , 619198, 4 
S, 476, 1615884382, 432285, 10
D, 476, 1615884382, 554507, 10 
R, 476, 1615884382 , 567907, 4 
S, 477, 1615884383, 382967, 10
D, 477, 1615884383, 504533, 10 
R, 477, 1615884383 , 519890, 4 
S, 478, 1615884384, 333647, 10
D, 478, 1615884384, 454511, 10 
R, 478, 1615884384 , 469838, 4 
S, 479, 1615884385, 284309, 10
D, 479, 1615884385, 404580, 10 
R, 479, 1615884385 , 419131, 4 
S, 480, 1615884386, 235032, 10
D, 480, 1615884386, 354429, 10 
R, 480, 1615884386 , 369113, 4 
S, 481, 1615884387, 185778, 10
D, 481, 1615884387, 314577, 10 
R, 481, 1615884387 , 328689, 4 
S, 482, 1615884388, 136439, 10
D, 482, 1615884388, 264452, 10 
R, 482, 1615884388 , 278731, 4 
S, 483, 1615884389, 87102, 10
D, 483, 1615884389, 204529, 10 
R, 483, 1615884389 , 219292, 4 
S, 484, 1615884390, 37761, 10
D, 484, 1615884390, 154489, 10 
R, 484, 1615884390 , 170221, 4 
S, 485, 1615884390, 988484, 10
D, 485, 1615884391, 114562, 10 
R, 485, 1615884391 , 129219, 4 
S, 486, 1615884391, 939207, 10
D, 486, 1615884392, 64561, 10 
R, 486, 1615884392 , 79663, 4 
S, 487, 1615884392, 889897, 10
D, 487, 1615884393, 14494, 10 
R, 487, 1615884393 , 29464, 4 
S, 488, 1615884393, 840572, 10
D, 488, 1615884393, 964496, 10 
R, 488, 1615884393 , 980081, 4 
S, 489, 1615884394, 791241, 10
D, 489, 1615884394, 914496, 10 
R, 489, 1615884394 , 928714, 4 
S, 490, 1615884395, 741965, 10
D, 490, 1615884395, 864605, 10 
R, 490, 1615884395 , 879488, 4 
S, 491, 1615884396, 692706, 10
D, 491, 1615884396, 814607, 10 
R, 491, 1615884396 , 829689, 4 
S, 492, 1615884397, 643358, 10
D, 492, 1615884397, 764955, 10 
R, 492, 1615884397 , 778039, 4 
S, 493, 1615884398, 594066, 10
D, 493, 1615884398, 724561, 10 
R, 493, 1615884398 , 739243, 4 
S, 494, 1615884399, 544740, 10
D, 494, 1615884399, 664573, 10 
R, 494, 1615884399 , 680002, 4 
S, 495, 1615884400, 495396, 10
D, 495, 1615884400, 624561, 10 
R, 495, 1615884400 , 639294, 4 
S, 496, 1615884401, 446105, 10
D, 496, 1615884401, 564520, 10 
R, 496, 1615884401 , 580397, 4 
S, 497, 1615884402, 396817, 10
D, 497, 1615884402, 524570, 10 
R, 497, 1615884402 , 539079, 4 
S, 498, 1615884403, 347488, 10
D, 498, 1615884403, 474867, 10 
R, 498, 1615884403 , 489075, 4 
S, 499, 1615884404, 298153, 10
D, 499, 1615884404, 424501, 10 
R, 499, 1615884404 , 439090, 4 
S, 500, 1615884405, 248862, 10
D, 500, 1615884405, 374495, 10 
R, 500, 1615884405 , 389929, 4 
S, 501, 1615884406, 199579, 10
D, 501, 1615884406, 324495, 10 
R, 501, 1615884406 , 338521, 4 
S, 502, 1615884407, 150294, 10
D, 502, 1615884407, 274584, 10 
R, 502, 1615884407 , 289096, 4 
S, 503, 1615884408, 100952, 10
D, 503, 1615884408, 224539, 10 
R, 503, 1615884408 , 238311, 4 
S, 504, 1615884409, 51612, 10
D, 504, 1615884409, 174522, 10 
R, 504, 1615884409 , 188289, 4 
S, 505, 1615884410, 2289, 10
D, 505, 1615884410, 124525, 10 
R, 505, 1615884410 , 140050, 4 
S, 506, 1615884410, 953009, 10
D, 506, 1615884411, 74577, 10 
R, 506, 1615884411 , 88746, 4 
S, 507, 1615884411, 903732, 10
D, 507, 1615884412, 24540, 10 
R, 507, 1615884412 , 37921, 4 
S, 508, 1615884412, 854402, 10
D, 508, 1615884412, 974540, 10 
R, 508, 1615884412 , 989652, 4 
S, 509, 1615884413, 805052, 10
D, 509, 1615884413, 924426, 10 
R, 509, 1615884413 , 938855, 4 
S, 510, 1615884414, 755730, 10
D, 510, 1615884414, 874548, 10 
R, 510, 1615884414 , 888893, 4 
S, 511, 1615884415, 706464, 10
D, 511, 1615884415, 834476, 10 
R, 511, 1615884415 , 849268, 4 
S, 512, 1615884416, 657168, 10
D, 512, 1615884416, 774511, 10 
R, 512, 1615884416 , 788623, 4 
S, 513, 1615884417, 607827, 10
D, 513, 1615884417, 734618, 10 
R, 513, 1615884417 , 748792, 4 
S, 514, 1615884418, 558474, 10
D, 514, 1615884418, 684539, 10 
R, 514, 1615884418 , 697887, 4 
S, 515, 1615884419, 509143, 10
D, 515, 1615884419, 634581, 10 
R, 515, 1615884419 , 649767, 4 
S, 516, 1615884420, 459807, 10
D, 516, 1615884420, 584561, 10 
R, 516, 1615884420 , 600030, 4 
S, 517, 1615884421, 410533, 10
D, 517, 1615884421, 534505, 10 
R, 517, 1615884421 , 547830, 4 
S, 518, 1615884422, 361316, 10
D, 518, 1615884422, 484502, 10 
R, 518, 1615884422 , 497994, 4 
S, 519, 1615884423, 311992, 10
D, 519, 1615884423, 434554, 10 
R, 519, 1615884423 , 448845, 4 
S, 520, 1615884424, 262659, 10
D, 520, 1615884424, 384531, 10 
R, 520, 1615884424 , 398968, 4 
S, 521, 1615884425, 213321, 10
D, 521, 1615884425, 334621, 10 
R, 521, 1615884425 , 348791, 4 
S, 522, 1615884426, 164073, 10
D, 522, 1615884426, 284567, 10 
R, 522, 1615884426 , 300055, 4 
S, 523, 1615884427, 114817, 10
D, 523, 1615884427, 244532, 10 
R, 523, 1615884427 , 258709, 4 
S, 524, 1615884428, 65493, 10
D, 524, 1615884428, 184591, 10 
R, 524, 1615884428 , 198750, 4 
S, 525, 1615884429, 16149, 10
D, 525, 1615884429, 144590, 10 
R, 525, 1615884429 , 159327, 4 
S, 526, 1615884429, 966841, 10
D, 526, 1615884430, 94603, 10 
R, 526, 1615884430 , 108672, 4 
S, 527, 1615884430, 917569, 10
D, 527, 1615884431, 34434, 10 
R, 527, 1615884431 , 49479, 4 
S, 528, 1615884431, 868287, 10
D, 528, 1615884431, 994554, 10 
R, 528, 1615884432 , 9175, 4 
S, 529, 1615884432, 818951, 10
D, 529, 1615884432, 934484, 10 
R, 529, 1615884432 , 948031, 4 
S, 530, 1615884433, 769614, 10
D, 530, 1615884433, 894494, 10 
R, 530, 1615884433 , 908830, 4 
S, 531, 1615884434, 720274, 10
D, 531, 1615884434, 844581, 10 
R, 531, 1615884434 , 859652, 4 
S, 532, 1615884435, 670936, 10
D, 532, 1615884435, 794559, 10 
R, 532, 1615884435 , 809012, 4 
S, 533, 1615884436, 621600, 10
D, 533, 1615884436, 744551, 10 
R, 533, 1615884436 , 758749, 4 
S, 534, 1615884437, 572273, 10
D, 534, 1615884437, 694620, 10 
R, 534, 1615884437 , 709780, 4 
S, 535, 1615884438, 522948, 10
D, 535, 1615884438, 654420, 10 
R, 535, 1615884438 , 668912, 4 
S, 536, 1615884439, 473728, 10
D, 536, 1615884439, 594446, 10 
R, 536, 1615884439 , 607955, 4 
S, 537, 1615884440, 424415, 10
D, 537, 1615884440, 544449, 10 
R, 537, 1615884440 , 558502, 4 
S, 538, 1615884441, 375138, 10
D, 538, 1615884441, 494423, 10 
R, 538, 1615884441 , 508437, 4 
S, 539, 1615884442, 325868, 10
D, 539, 1615884442, 444304, 10 
R, 539, 1615884442 , 458895, 4 
S, 540, 1615884443, 276546, 10
D, 540, 1615884443, 394611, 10 
R, 540, 1615884443 , 444153, 4 
S, 541, 1615884444, 227249, 10
D, 541, 1615884444, 354404, 10 
R, 541, 1615884444 , 368840, 4 
S, 542, 1615884445, 177905, 10
D, 542, 1615884445, 304454, 10 
R, 542, 1615884445 , 318892, 4 
S, 543, 1615884446, 128632, 10
D, 543, 1615884446, 254515, 10 
R, 543, 1615884446 , 267499, 4 
S, 544, 1615884447, 79340, 10
D, 544, 1615884447, 204327, 10 
R, 544, 1615884447 , 218686, 4 
S, 545, 1615884448, 29993, 10
D, 545, 1615884448, 154343, 10 
R, 545, 1615884448 , 167917, 4 
S, 546, 1615884448, 980708, 10
D, 546, 1615884449, 104394, 10 
R, 546, 1615884449 , 119189, 4 
S, 547, 1615884449, 931368, 10
D, 547, 1615884450, 54507, 10 
R, 547, 1615884450 , 69798, 4 
S, 548, 1615884450, 882092, 10
D, 548, 1615884451, 4451, 10 
R, 548, 1615884451 , 19206, 4 
S, 549, 1615884451, 832805, 10
D, 549, 1615884451, 954402, 10 
R, 549, 1615884451 , 969074, 4 
S, 550, 1615884452, 783480, 10
D, 550, 1615884452, 904418, 10 
R, 550, 1615884452 , 919587, 4 
S, 551, 1615884453, 734199, 10
D, 551, 1615884453, 854395, 10 
R, 551, 1615884453 , 869486, 4 
S, 552, 1615884454, 684887, 10
D, 552, 1615884454, 804438, 10 
R, 552, 1615884454 , 817654, 4 
S, 553, 1615884455, 635565, 10
D, 553, 1615884455, 754324, 10 
R, 553, 1615884455 , 768039, 4 
S, 554, 1615884456, 586243, 10
D, 554, 1615884456, 704454, 10 
R, 554, 1615884456 , 717898, 4 
S, 555, 1615884457, 536941, 10
D, 555, 1615884457, 654428, 10 
R, 555, 1615884457 , 669046, 4 
S, 556, 1615884458, 487604, 10
D, 556, 1615884458, 614490, 10 
R, 556, 1615884458 , 629267, 4 
S, 557, 1615884459, 438279, 10
D, 557, 1615884459, 564449, 10 
R, 557, 1615884459 , 579285, 4 
S, 558, 1615884460, 388926, 10
D, 558, 1615884460, 514322, 10 
R, 558, 1615884460 , 529187, 4 
S, 559, 1615884461, 339682, 10
D, 559, 1615884461, 464396, 10 
R, 559, 1615884461 , 477628, 4 
S, 560, 1615884462, 290424, 10
D, 560, 1615884462, 414485, 10 
R, 560, 1615884462 , 428752, 4 
S, 561, 1615884463, 241098, 10
D, 561, 1615884463, 364444, 10 
R, 561, 1615884463 , 379259, 4 
S, 562, 1615884464, 191769, 10
D, 562, 1615884464, 314313, 10 
R, 562, 1615884464 , 329171, 4 
S, 563, 1615884465, 142451, 10
D, 563, 1615884465, 264395, 10 
R, 563, 1615884465 , 278685, 4 
S, 564, 1615884466, 93175, 10
D, 564, 1615884466, 214507, 10 
R, 564, 1615884466 , 229276, 4 
S, 565, 1615884467, 43980, 10
D, 565, 1615884467, 164419, 10 
R, 565, 1615884467 , 179146, 4 
S, 566, 1615884467, 994647, 10
D, 566, 1615884468, 114357, 10 
R, 566, 1615884468 , 129560, 4 
S, 567, 1615884468, 945314, 10
D, 567, 1615884469, 64424, 10 
R, 567, 1615884469 , 79446, 4 
S, 568, 1615884469, 895986, 10
D, 568, 1615884470, 14403, 10 
R, 568, 1615884470 , 27542, 4 
S, 569, 1615884470, 846710, 10
D, 569, 1615884470, 974498, 10 
R, 569, 1615884470 , 989678, 4 
