Type, Id paq, time stamp segundos, micro, long paq 
S, 0, 1615893722, 127207, 11
S, 1, 1615893722, 877676, 11
R, 2, 1615893722 , 938462, 4 
S, 2, 1615893723, 628162, 11
S, 3, 1615893724, 378582, 11
S, 4, 1615893725, 128980, 11
R, 5, 1615893725 , 190966, 4 
S, 5, 1615893725, 879381, 11
R, 6, 1615893725 , 899262, 4 
S, 6, 1615893726, 629799, 11
R, 7, 1615893726 , 649733, 4 
S, 7, 1615893727, 380651, 11
R, 8, 1615893727 , 447351, 4 
S, 8, 1615893728, 131082, 11
R, 9, 1615893728 , 151129, 4 
S, 9, 1615893728, 881506, 11
S, 10, 1615893729, 631875, 11
R, 11, 1615893729 , 691620, 4 
S, 11, 1615893730, 382265, 11
R, 12, 1615893730 , 402557, 4 
S, 12, 1615893731, 132671, 11
R, 13, 1615893731 , 153499, 4 
S, 13, 1615893731, 883141, 11
S, 14, 1615893732, 633560, 11
R, 15, 1615893732 , 654813, 4 
S, 15, 1615893733, 384042, 11
R, 16, 1615893733 , 404420, 4 
S, 16, 1615893734, 134429, 11
S, 17, 1615893734, 884798, 11
R, 18, 1615893734 , 905482, 4 
S, 18, 1615893735, 635221, 11
R, 19, 1615893735 , 655784, 4 
S, 19, 1615893736, 385602, 11
R, 20, 1615893736 , 446898, 4 
S, 20, 1615893737, 136025, 11
R, 21, 1615893737 , 157179, 4 
S, 21, 1615893737, 886452, 11
R, 22, 1615893737 , 906855, 4 
S, 22, 1615893738, 636882, 11
R, 23, 1615893738 , 699125, 4 
S, 23, 1615893739, 387281, 11
R, 24, 1615893739 , 408726, 4 
S, 24, 1615893740, 137693, 11
S, 25, 1615893740, 888064, 11
S, 26, 1615893741, 638444, 11
R, 27, 1615893741 , 660271, 4 
S, 27, 1615893742, 388883, 11
R, 28, 1615893742 , 409500, 4 
S, 28, 1615893743, 139263, 11
R, 29, 1615893743 , 199151, 4 
S, 29, 1615893743, 889658, 11
R, 30, 1615893743 , 912702, 4 
S, 30, 1615893744, 640062, 11
R, 31, 1615893744 , 666905, 4 
S, 31, 1615893745, 390460, 11
S, 32, 1615893746, 140856, 11
R, 33, 1615893746 , 160935, 4 
S, 33, 1615893746, 891244, 11
S, 34, 1615893747, 641663, 11
R, 35, 1615893747 , 703525, 4 
S, 35, 1615893748, 392116, 11
R, 36, 1615893748 , 413756, 4 
S, 36, 1615893749, 142545, 11
R, 37, 1615893749 , 164640, 4 
S, 37, 1615893749, 893007, 11
R, 38, 1615893749 , 955590, 4 
S, 38, 1615893750, 643404, 11
R, 39, 1615893750 , 663935, 4 
S, 39, 1615893751, 393823, 11
R, 40, 1615893751 , 415028, 4 
S, 40, 1615893752, 144244, 11
R, 41, 1615893752 , 207276, 4 
S, 41, 1615893752, 894624, 11
R, 42, 1615893752 , 915658, 4 
S, 42, 1615893753, 645096, 11
R, 43, 1615893753 , 666555, 4 
S, 43, 1615893754, 395475, 11
S, 44, 1615893755, 145840, 11
R, 45, 1615893755 , 165818, 4 
S, 45, 1615893755, 896225, 11
R, 46, 1615893755 , 918751, 4 
S, 46, 1615893756, 646621, 11
R, 47, 1615893756 , 708542, 4 
S, 47, 1615893757, 397043, 11
R, 48, 1615893757 , 417709, 4 
S, 48, 1615893758, 147454, 11
R, 49, 1615893758 , 168060, 4 
S, 49, 1615893758, 897895, 11
R, 50, 1615893758 , 959660, 4 
S, 50, 1615893759, 648287, 11
R, 51, 1615893759 , 668028, 4 
S, 51, 1615893760, 398680, 11
R, 52, 1615893760 , 418971, 4 
S, 52, 1615893761, 149050, 11
R, 53, 1615893761 , 215711, 4 
S, 53, 1615893761, 899439, 11
S, 54, 1615893762, 649908, 11
R, 55, 1615893762 , 670558, 4 
S, 55, 1615893763, 400355, 11
R, 56, 1615893763 , 464097, 4 
S, 56, 1615893764, 150741, 11
R, 57, 1615893764 , 172445, 4 
S, 57, 1615893764, 901145, 11
R, 58, 1615893764 , 922167, 4 
S, 58, 1615893765, 651525, 11
R, 59, 1615893765 , 711266, 4 
S, 59, 1615893766, 401895, 11
S, 60, 1615893767, 152342, 11
R, 61, 1615893767 , 173846, 4 
S, 61, 1615893767, 902807, 11
R, 62, 1615893767 , 968005, 4 
S, 62, 1615893768, 653220, 11
R, 63, 1615893768 , 673786, 4 
S, 63, 1615893769, 403675, 11
R, 64, 1615893769 , 425399, 4 
S, 64, 1615893770, 154058, 11
R, 65, 1615893770 , 215734, 4 
S, 65, 1615893770, 904430, 11
R, 66, 1615893770 , 925470, 4 
S, 66, 1615893771, 654844, 11
R, 67, 1615893771 , 677820, 4 
S, 67, 1615893772, 405254, 11
R, 68, 1615893772 , 464424, 4 
S, 68, 1615893773, 155633, 11
R, 69, 1615893773 , 179868, 4 
S, 69, 1615893773, 906047, 11
R, 70, 1615893773 , 926946, 4 
S, 70, 1615893774, 656426, 11
R, 71, 1615893774 , 719216, 4 
S, 71, 1615893775, 406816, 11
S, 72, 1615893776, 157230, 11
S, 73, 1615893776, 907614, 11
R, 74, 1615893776 , 967951, 4 
S, 74, 1615893777, 658060, 11
S, 75, 1615893778, 408524, 11
S, 76, 1615893779, 158931, 11
S, 77, 1615893779, 909322, 11
S, 78, 1615893780, 659703, 11
S, 79, 1615893781, 410151, 11
S, 80, 1615893782, 160618, 11
S, 81, 1615893782, 911027, 11
R, 82, 1615893782 , 931523, 4 
S, 82, 1615893783, 661473, 11
S, 83, 1615893784, 411863, 11
R, 84, 1615893784 , 432555, 4 
S, 84, 1615893785, 162245, 11
S, 85, 1615893785, 912639, 11
R, 86, 1615893785 , 975723, 4 
S, 86, 1615893786, 663095, 11
R, 87, 1615893786 , 683588, 4 
S, 87, 1615893787, 413551, 11
S, 88, 1615893788, 163939, 11
S, 89, 1615893788, 914355, 11
S, 90, 1615893789, 664803, 11
S, 91, 1615893790, 415208, 11
R, 92, 1615893790 , 476091, 4 
S, 92, 1615893791, 165611, 11
R, 93, 1615893791 , 185660, 4 
S, 93, 1615893791, 916030, 11
S, 94, 1615893792, 666454, 11
R, 95, 1615893792 , 727621, 4 
S, 95, 1615893793, 416904, 11
S, 96, 1615893794, 167327, 11
S, 97, 1615893794, 917754, 11
R, 98, 1615893794 , 980234, 4 
S, 98, 1615893795, 668192, 11
S, 99, 1615893796, 418618, 11
S, 100, 1615893797, 169064, 11
S, 101, 1615893797, 919482, 11
S, 102, 1615893798, 669934, 11
S, 103, 1615893799, 420344, 11
S, 104, 1615893800, 170724, 11
R, 105, 1615893800 , 193842, 4 
S, 105, 1615893800, 921116, 11
R, 106, 1615893800 , 943599, 4 
S, 106, 1615893801, 671516, 11
S, 107, 1615893802, 421932, 11
S, 108, 1615893803, 172325, 11
R, 109, 1615893803 , 197499, 4 
S, 109, 1615893803, 922801, 11
R, 110, 1615893803 , 984650, 4 
S, 110, 1615893804, 673187, 11
S, 111, 1615893805, 423607, 11
R, 112, 1615893805 , 452111, 4 
S, 112, 1615893806, 173983, 11
S, 113, 1615893806, 924364, 11
R, 114, 1615893806 , 947016, 4 
S, 114, 1615893807, 674834, 11
R, 115, 1615893807 , 696618, 4 
S, 115, 1615893808, 425245, 11
R, 116, 1615893808 , 487898, 4 
S, 116, 1615893809, 175637, 11
S, 117, 1615893809, 926053, 11
S, 118, 1615893810, 676441, 11
S, 119, 1615893811, 426835, 11
S, 120, 1615893812, 177226, 11
R, 121, 1615893812 , 199417, 4 
S, 121, 1615893812, 927674, 11
S, 122, 1615893813, 678104, 11
S, 123, 1615893814, 428503, 11
R, 124, 1615893814 , 449443, 4 
S, 124, 1615893815, 178898, 11
R, 125, 1615893815 , 240337, 4 
S, 125, 1615893815, 929265, 11
S, 126, 1615893816, 679685, 11
R, 127, 1615893816 , 701617, 4 
S, 127, 1615893817, 430146, 11
S, 128, 1615893818, 180536, 11
S, 129, 1615893818, 930976, 11
R, 130, 1615893818 , 952990, 4 
S, 130, 1615893819, 681365, 11
R, 131, 1615893819 , 744040, 4 
S, 131, 1615893820, 431733, 11
R, 132, 1615893820 , 455480, 4 
S, 132, 1615893821, 182173, 11
R, 133, 1615893821 , 203290, 4 
S, 133, 1615893821, 932567, 11
S, 134, 1615893822, 683066, 11
R, 135, 1615893822 , 704487, 4 
S, 135, 1615893823, 433526, 11
R, 136, 1615893823 , 458621, 4 
S, 136, 1615893824, 183913, 11
S, 137, 1615893824, 934322, 11
S, 138, 1615893825, 684717, 11
S, 139, 1615893826, 435100, 11
S, 140, 1615893827, 185518, 11
R, 141, 1615893827 , 207303, 4 
S, 141, 1615893827, 935972, 11
S, 142, 1615893828, 686400, 11
S, 143, 1615893829, 436813, 11
S, 144, 1615893830, 187214, 11
S, 145, 1615893830, 937602, 11
S, 146, 1615893831, 687991, 11
S, 147, 1615893832, 438439, 11
S, 148, 1615893833, 188839, 11
S, 149, 1615893833, 939308, 11
R, 150, 1615893833 , 961070, 4 
S, 150, 1615893834, 689712, 11
S, 151, 1615893835, 440091, 11
S, 152, 1615893836, 190479, 11
S, 153, 1615893836, 940851, 11
S, 154, 1615893837, 691328, 11
S, 155, 1615893838, 441781, 11
S, 156, 1615893839, 192183, 11
R, 157, 1615893839 , 212423, 4 
S, 157, 1615893839, 942572, 11
R, 158, 1615893840 , 4165, 4 
S, 158, 1615893840, 693040, 11
R, 159, 1615893840 , 716426, 4 
S, 159, 1615893841, 443460, 11
S, 160, 1615893842, 193918, 11
R, 161, 1615893842 , 256570, 4 
S, 161, 1615893842, 944365, 11
S, 162, 1615893843, 694831, 11
S, 163, 1615893844, 445237, 11
R, 164, 1615893844 , 508006, 4 
S, 164, 1615893845, 195621, 11
S, 165, 1615893845, 946043, 11
S, 166, 1615893846, 696478, 11
S, 167, 1615893847, 446912, 11
S, 168, 1615893848, 197310, 11
S, 169, 1615893848, 947767, 11
R, 170, 1615893849 , 12534, 4 
S, 170, 1615893849, 698174, 11
S, 171, 1615893850, 448581, 11
S, 172, 1615893851, 198976, 11
S, 173, 1615893851, 949367, 11
S, 174, 1615893852, 700006, 11
S, 175, 1615893853, 450641, 11
S, 176, 1615893854, 201045, 11
S, 177, 1615893854, 951608, 11
S, 178, 1615893855, 702258, 11
R, 179, 1615893855 , 764357, 4 
S, 179, 1615893856, 452653, 11
S, 180, 1615893857, 203297, 11
S, 181, 1615893857, 953884, 11
S, 182, 1615893858, 704491, 11
S, 183, 1615893859, 454894, 11
S, 184, 1615893860, 205497, 11
S, 185, 1615893860, 956063, 11
S, 186, 1615893861, 706457, 11
S, 187, 1615893862, 457090, 11
S, 188, 1615893863, 207715, 11
S, 189, 1615893863, 958152, 11
S, 190, 1615893864, 708710, 11
S, 191, 1615893865, 459303, 11
S, 192, 1615893866, 209696, 11
S, 193, 1615893866, 960234, 11
R, 194, 1615893867 , 20020, 4 
S, 194, 1615893867, 710864, 11
S, 195, 1615893868, 461526, 11
S, 196, 1615893869, 211942, 11
R, 197, 1615893869 , 272609, 4 
S, 197, 1615893869, 962335, 11
R, 198, 1615893869 , 983749, 4 
S, 198, 1615893870, 712960, 11
R, 199, 1615893870 , 733459, 4 
S, 199, 1615893871, 463499, 11
S, 200, 1615893872, 214041, 11
R, 201, 1615893872 , 234855, 4 
S, 201, 1615893872, 964651, 11
S, 202, 1615893873, 715091, 11
S, 203, 1615893874, 465497, 11
S, 204, 1615893875, 215885, 11
S, 205, 1615893875, 966430, 11
R, 206, 1615893876 , 33274, 4 
S, 206, 1615893876, 716813, 11
S, 207, 1615893877, 467270, 11
R, 208, 1615893877 , 488215, 4 
S, 208, 1615893878, 217689, 11
S, 209, 1615893878, 968077, 11
S, 210, 1615893879, 718466, 11
R, 211, 1615893879 , 739693, 4 
S, 211, 1615893880, 468846, 11
S, 212, 1615893881, 219212, 11
S, 213, 1615893881, 969613, 11
R, 214, 1615893881 , 989988, 4 
S, 214, 1615893882, 720075, 11
S, 215, 1615893883, 470498, 11
R, 216, 1615893883 , 490571, 4 
S, 216, 1615893884, 220909, 11
R, 217, 1615893884 , 242191, 4 
S, 217, 1615893884, 971281, 11
R, 218, 1615893885 , 32724, 4 
S, 218, 1615893885, 721659, 11
R, 219, 1615893885 , 743050, 4 
S, 219, 1615893886, 472075, 11
R, 220, 1615893886 , 492859, 4 
S, 220, 1615893887, 222440, 11
R, 221, 1615893887 , 285042, 4 
S, 221, 1615893887, 972937, 11
R, 222, 1615893887 , 994761, 4 
S, 222, 1615893888, 723410, 11
R, 223, 1615893888 , 744489, 4 
S, 223, 1615893889, 473800, 11
R, 224, 1615893889 , 536058, 4 
S, 224, 1615893890, 224178, 11
R, 225, 1615893890 , 251080, 4 
S, 225, 1615893890, 974587, 11
R, 226, 1615893891 , 2708, 4 
S, 226, 1615893891, 724967, 11
R, 227, 1615893891 , 788828, 4 
S, 227, 1615893892, 475379, 11
R, 228, 1615893892 , 495977, 4 
S, 228, 1615893893, 225788, 11
R, 229, 1615893893 , 245752, 4 
S, 229, 1615893893, 976187, 11
R, 230, 1615893894 , 36717, 4 
S, 230, 1615893894, 726593, 11
R, 231, 1615893894 , 749561, 4 
S, 231, 1615893895, 476996, 11
R, 232, 1615893895 , 497959, 4 
S, 232, 1615893896, 227365, 11
R, 233, 1615893896 , 292946, 4 
S, 233, 1615893896, 977743, 11
R, 234, 1615893897 , 4584, 4 
S, 234, 1615893897, 728215, 11
R, 235, 1615893897 , 749208, 4 
S, 235, 1615893898, 478644, 11
R, 236, 1615893898 , 544718, 4 
S, 236, 1615893899, 229029, 11
R, 237, 1615893899 , 249839, 4 
S, 237, 1615893899, 979423, 11
R, 238, 1615893900 , 874, 4 
S, 238, 1615893900, 729824, 11
R, 239, 1615893900 , 796208, 4 
S, 239, 1615893901, 480197, 11
R, 240, 1615893901 , 501226, 4 
S, 240, 1615893902, 230711, 11
R, 241, 1615893902 , 255319, 4 
S, 241, 1615893902, 981145, 11
R, 242, 1615893903 , 45026, 4 
S, 242, 1615893903, 731565, 11
R, 243, 1615893903 , 752068, 4 
S, 243, 1615893904, 481980, 11
R, 244, 1615893904 , 502524, 4 
S, 244, 1615893905, 232363, 11
R, 245, 1615893905 , 292272, 4 
S, 245, 1615893905, 982742, 11
R, 246, 1615893906 , 3812, 4 
S, 246, 1615893906, 733225, 11
R, 247, 1615893906 , 754417, 4 
S, 247, 1615893907, 483643, 11
R, 248, 1615893907 , 544758, 4 
S, 248, 1615893908, 234029, 11
R, 249, 1615893908 , 254492, 4 
S, 249, 1615893908, 984491, 11
R, 250, 1615893909 , 6140, 4 
S, 250, 1615893909, 734869, 11
R, 251, 1615893909 , 796227, 4 
S, 251, 1615893910, 485240, 11
R, 252, 1615893910 , 506675, 4 
S, 252, 1615893911, 235664, 11
R, 253, 1615893911 , 256304, 4 
S, 253, 1615893911, 986041, 11
R, 254, 1615893912 , 48735, 4 
S, 254, 1615893912, 736473, 11
R, 255, 1615893912 , 757098, 4 
S, 255, 1615893913, 486896, 11
R, 256, 1615893913 , 507354, 4 
S, 256, 1615893914, 237298, 11
R, 257, 1615893914 , 300922, 4 
S, 257, 1615893914, 987695, 11
R, 258, 1615893915 , 7954, 4 
S, 258, 1615893915, 738159, 11
R, 259, 1615893915 , 759606, 4 
S, 259, 1615893916, 488541, 11
R, 260, 1615893916 , 548796, 4 
S, 260, 1615893917, 238924, 11
R, 261, 1615893917 , 260983, 4 
S, 261, 1615893917, 989389, 11
R, 262, 1615893918 , 10663, 4 
S, 262, 1615893918, 739824, 11
R, 263, 1615893918 , 800250, 4 
S, 263, 1615893919, 490212, 11
R, 264, 1615893919 , 512604, 4 
S, 264, 1615893920, 240624, 11
R, 265, 1615893920 , 260927, 4 
S, 265, 1615893920, 990995, 11
R, 266, 1615893921 , 52442, 4 
S, 266, 1615893921, 741391, 11
R, 267, 1615893921 , 762253, 4 
S, 267, 1615893922, 491848, 11
R, 268, 1615893922 , 519877, 4 
S, 268, 1615893923, 242226, 11
R, 269, 1615893923 , 303864, 4 
S, 269, 1615893923, 992662, 11
R, 270, 1615893924 , 16109, 4 
S, 270, 1615893924, 743128, 11
R, 271, 1615893924 , 764508, 4 
S, 271, 1615893925, 493511, 11
R, 272, 1615893925 , 556745, 4 
S, 272, 1615893926, 243881, 11
R, 273, 1615893926 , 265193, 4 
S, 273, 1615893926, 994286, 11
R, 274, 1615893927 , 20297, 4 
S, 274, 1615893927, 744710, 11
R, 275, 1615893927 , 808534, 4 
S, 275, 1615893928, 495133, 11
R, 276, 1615893928 , 515715, 4 
S, 276, 1615893929, 245552, 11
R, 277, 1615893929 , 267320, 4 
S, 277, 1615893929, 995962, 11
R, 278, 1615893930 , 56376, 4 
S, 278, 1615893930, 746331, 11
R, 279, 1615893930 , 766706, 4 
S, 279, 1615893931, 496748, 11
R, 280, 1615893931 , 519729, 4 
S, 280, 1615893932, 247126, 11
R, 281, 1615893932 , 308851, 4 
S, 281, 1615893932, 997549, 11
R, 282, 1615893933 , 18513, 4 
S, 282, 1615893933, 748027, 11
R, 283, 1615893933 , 768927, 4 
S, 283, 1615893934, 498405, 11
R, 284, 1615893934 , 561213, 4 
S, 284, 1615893935, 248773, 11
R, 285, 1615893935 , 269721, 4 
S, 285, 1615893935, 999191, 11
R, 286, 1615893936 , 19994, 4 
S, 286, 1615893936, 749578, 11
R, 287, 1615893936 , 816979, 4 
S, 287, 1615893937, 499983, 11
R, 288, 1615893937 , 524159, 4 
S, 288, 1615893938, 250395, 11
R, 289, 1615893938 , 272547, 4 
S, 289, 1615893939, 826, 11
R, 290, 1615893939 , 60988, 4 
S, 290, 1615893939, 751203, 11
R, 291, 1615893939 , 773234, 4 
S, 291, 1615893940, 501612, 11
R, 292, 1615893940 , 526101, 4 
S, 292, 1615893941, 251981, 11
R, 293, 1615893941 , 313221, 4 
S, 293, 1615893942, 2389, 11
R, 294, 1615893942 , 23637, 4 
S, 294, 1615893942, 752939, 11
R, 295, 1615893942 , 775892, 4 
S, 295, 1615893943, 503355, 11
R, 296, 1615893943 , 565546, 4 
S, 296, 1615893944, 253742, 11
R, 297, 1615893944 , 275747, 4 
S, 297, 1615893945, 4153, 11
R, 298, 1615893945 , 32565, 4 
S, 298, 1615893945, 754528, 11
R, 299, 1615893945 , 816955, 4 
S, 299, 1615893946, 504903, 11
R, 300, 1615893946 , 525516, 4 
S, 300, 1615893947, 255313, 11
R, 301, 1615893947 , 277271, 4 
S, 301, 1615893948, 5738, 11
R, 302, 1615893948 , 69414, 4 
S, 302, 1615893948, 756159, 11
R, 303, 1615893948 , 777762, 4 
S, 303, 1615893949, 506571, 11
R, 304, 1615893949 , 528623, 4 
S, 304, 1615893950, 256950, 11
R, 305, 1615893950 , 316989, 4 
S, 305, 1615893951, 7332, 11
R, 306, 1615893951 , 29239, 4 
S, 306, 1615893951, 757746, 11
R, 307, 1615893951 , 778466, 4 
S, 307, 1615893952, 508170, 11
R, 308, 1615893952 , 570064, 4 
S, 308, 1615893953, 258566, 11
R, 309, 1615893953 , 279820, 4 
S, 309, 1615893954, 9041, 11
R, 310, 1615893954 , 30064, 4 
S, 310, 1615893954, 759412, 11
R, 311, 1615893954 , 825639, 4 
S, 311, 1615893955, 509782, 11
R, 312, 1615893955 , 530678, 4 
S, 312, 1615893956, 260197, 11
R, 313, 1615893956 , 281674, 4 
S, 313, 1615893957, 10594, 11
R, 314, 1615893957 , 77361, 4 
S, 314, 1615893957, 761016, 11
R, 315, 1615893957 , 783297, 4 
S, 315, 1615893958, 511480, 11
R, 316, 1615893958 , 532648, 4 
S, 316, 1615893959, 261861, 11
R, 317, 1615893959 , 324958, 4 
S, 317, 1615893960, 12256, 11
R, 318, 1615893960 , 33850, 4 
S, 318, 1615893960, 762665, 11
R, 319, 1615893960 , 784194, 4 
S, 319, 1615893961, 513110, 11
R, 320, 1615893961 , 572750, 4 
S, 320, 1615893962, 263571, 11
R, 321, 1615893962 , 285563, 4 
S, 321, 1615893963, 14042, 11
R, 322, 1615893963 , 36468, 4 
S, 322, 1615893963, 764466, 11
R, 323, 1615893963 , 825524, 4 
S, 323, 1615893964, 514853, 11
R, 324, 1615893964 , 535840, 4 
S, 324, 1615893965, 265262, 11
R, 325, 1615893965 , 286892, 4 
S, 325, 1615893966, 15663, 11
R, 326, 1615893966 , 77024, 4 
S, 326, 1615893966, 766041, 11
R, 327, 1615893966 , 787577, 4 
S, 327, 1615893967, 516462, 11
R, 328, 1615893967 , 538826, 4 
S, 328, 1615893968, 266882, 11
R, 329, 1615893968 , 329599, 4 
S, 329, 1615893969, 17326, 11
R, 330, 1615893969 , 39933, 4 
S, 330, 1615893969, 767763, 11
R, 331, 1615893969 , 796749, 4 
S, 331, 1615893970, 518133, 11
R, 332, 1615893970 , 581251, 4 
S, 332, 1615893971, 268514, 11
R, 333, 1615893971 , 296049, 4 
S, 333, 1615893972, 18958, 11
R, 334, 1615893972 , 44019, 4 
S, 334, 1615893972, 769380, 11
R, 335, 1615893972 , 834276, 4 
S, 335, 1615893973, 519806, 11
R, 336, 1615893973 , 540782, 4 
S, 336, 1615893974, 270246, 11
R, 337, 1615893974 , 291088, 4 
S, 337, 1615893975, 20627, 11
R, 338, 1615893975 , 86518, 4 
S, 338, 1615893975, 771050, 11
R, 339, 1615893975 , 793675, 4 
S, 339, 1615893976, 521445, 11
R, 340, 1615893976 , 542695, 4 
S, 340, 1615893977, 271812, 11
R, 341, 1615893977 , 333742, 4 
S, 341, 1615893978, 22213, 11
R, 342, 1615893978 , 43978, 4 
S, 342, 1615893978, 772681, 11
R, 343, 1615893978 , 794853, 4 
S, 343, 1615893979, 523122, 11
R, 344, 1615893979 , 584553, 4 
S, 344, 1615893980, 273486, 11
R, 345, 1615893980 , 293584, 4 
S, 345, 1615893981, 23902, 11
R, 346, 1615893981 , 45868, 4 
S, 346, 1615893981, 774286, 11
R, 347, 1615893981 , 836971, 4 
S, 347, 1615893982, 524670, 11
R, 348, 1615893982 , 546040, 4 
S, 348, 1615893983, 275093, 11
R, 349, 1615893983 , 299634, 4 
S, 349, 1615893984, 25527, 11
R, 350, 1615893984 , 89202, 4 
S, 350, 1615893984, 775901, 11
R, 351, 1615893984 , 800234, 4 
S, 351, 1615893985, 526317, 11
R, 352, 1615893985 , 547341, 4 
S, 352, 1615893986, 276692, 11
R, 353, 1615893986 , 337616, 4 
S, 353, 1615893987, 27061, 11
R, 354, 1615893987 , 60905, 4 
S, 354, 1615893987, 777526, 11
R, 355, 1615893987 , 805456, 4 
S, 355, 1615893988, 527948, 11
R, 356, 1615893988 , 589328, 4 
S, 356, 1615893989, 278344, 11
R, 357, 1615893989 , 299546, 4 
S, 357, 1615893990, 28788, 11
R, 358, 1615893990 , 49839, 4 
S, 358, 1615893990, 779162, 11
R, 359, 1615893990 , 846047, 4 
S, 359, 1615893991, 529536, 11
R, 360, 1615893991 , 551915, 4 
S, 360, 1615893992, 279951, 11
R, 361, 1615893992 , 304197, 4 
S, 361, 1615893993, 30370, 11
R, 362, 1615893993 , 93175, 4 
S, 362, 1615893993, 780794, 11
R, 363, 1615893993 , 802106, 4 
S, 363, 1615893994, 531224, 11
R, 364, 1615893994 , 552411, 4 
S, 364, 1615893995, 281583, 11
R, 365, 1615893995 , 350514, 4 
S, 365, 1615893996, 31979, 11
R, 366, 1615893996 , 53145, 4 
S, 366, 1615893996, 782397, 11
R, 367, 1615893996 , 803503, 4 
S, 367, 1615893997, 532811, 11
R, 368, 1615893997 , 593405, 4 
S, 368, 1615893998, 283240, 11
R, 369, 1615893998 , 304352, 4 
S, 369, 1615893999, 33668, 11
R, 370, 1615893999 , 55167, 4 
S, 370, 1615893999, 784045, 11
R, 371, 1615893999 , 845587, 4 
S, 371, 1615894000, 534419, 11
R, 372, 1615894000 , 553969, 4 
S, 372, 1615894001, 284811, 11
R, 373, 1615894001 , 307535, 4 
S, 373, 1615894002, 35225, 11
R, 374, 1615894002 , 97836, 4 
S, 374, 1615894002, 785644, 11
R, 375, 1615894002 , 807547, 4 
S, 375, 1615894003, 536105, 11
R, 376, 1615894003 , 558518, 4 
S, 376, 1615894004, 286511, 11
R, 377, 1615894004 , 349363, 4 
S, 377, 1615894005, 36897, 11
R, 378, 1615894005 , 58451, 4 
S, 378, 1615894005, 787313, 11
R, 379, 1615894005 , 808688, 4 
S, 379, 1615894006, 537693, 11
R, 380, 1615894006 , 601075, 4 
S, 380, 1615894007, 288072, 11
R, 381, 1615894007 , 308810, 4 
S, 381, 1615894008, 38543, 11
R, 382, 1615894008 , 63619, 4 
S, 382, 1615894008, 788968, 11
R, 383, 1615894008 , 849884, 4 
S, 383, 1615894009, 539355, 11
R, 384, 1615894009 , 561629, 4 
S, 384, 1615894010, 289761, 11
R, 385, 1615894010 , 311244, 4 
S, 385, 1615894011, 40134, 11
R, 386, 1615894011 , 104191, 4 
S, 386, 1615894011, 790503, 11
R, 387, 1615894011 , 811354, 4 
S, 387, 1615894012, 540942, 11
R, 388, 1615894012 , 571598, 4 
S, 388, 1615894013, 291371, 11
R, 389, 1615894013 , 353488, 4 
S, 389, 1615894014, 41801, 11
R, 390, 1615894014 , 76036, 4 
S, 390, 1615894014, 792217, 11
R, 391, 1615894014 , 815992, 4 
S, 391, 1615894015, 542636, 11
R, 392, 1615894015 , 605652, 4 
S, 392, 1615894016, 293052, 11
R, 393, 1615894016 , 316600, 4 
S, 393, 1615894017, 43468, 11
R, 394, 1615894017 , 65608, 4 
S, 394, 1615894017, 793877, 11
R, 395, 1615894017 , 853377, 4 
S, 395, 1615894018, 544291, 11
R, 396, 1615894018 , 566222, 4 
S, 396, 1615894019, 294719, 11
R, 397, 1615894019 , 321136, 4 
S, 397, 1615894020, 45097, 11
R, 398, 1615894020 , 109968, 4 
S, 398, 1615894020, 795469, 11
R, 399, 1615894020 , 817810, 4 
S, 399, 1615894021, 545900, 11
R, 400, 1615894021 , 570833, 4 
S, 400, 1615894022, 296315, 11
R, 401, 1615894022 , 365015, 4 
S, 401, 1615894023, 46738, 11
R, 402, 1615894023 , 68804, 4 
S, 402, 1615894023, 797203, 11
R, 403, 1615894023 , 821067, 4 
S, 403, 1615894024, 547592, 11
R, 404, 1615894024 , 610022, 4 
S, 404, 1615894025, 297968, 11
R, 405, 1615894025 , 319147, 4 
S, 405, 1615894026, 48402, 11
R, 406, 1615894026 , 70071, 4 
S, 406, 1615894026, 798774, 11
R, 407, 1615894026 , 861797, 4 
S, 407, 1615894027, 549150, 11
R, 408, 1615894027 , 572328, 4 
S, 408, 1615894028, 299621, 11
R, 409, 1615894028 , 321276, 4 
S, 409, 1615894029, 50046, 11
R, 410, 1615894029 , 73023, 4 
S, 410, 1615894029, 800451, 11
R, 411, 1615894029 , 861364, 4 
S, 411, 1615894030, 550854, 11
R, 412, 1615894030 , 572366, 4 
S, 412, 1615894031, 301275, 11
R, 413, 1615894031 , 322068, 4 
S, 413, 1615894032, 51692, 11
R, 414, 1615894032 , 113242, 4 
S, 414, 1615894032, 802114, 11
R, 415, 1615894032 , 824077, 4 
S, 415, 1615894033, 552570, 11
R, 416, 1615894033 , 573820, 4 
S, 416, 1615894034, 302985, 11
R, 417, 1615894034 , 366053, 4 
S, 417, 1615894035, 53363, 11
R, 418, 1615894035 , 74274, 4 
S, 418, 1615894035, 803820, 11
R, 419, 1615894035 , 825341, 4 
S, 419, 1615894036, 554200, 11
R, 420, 1615894036 , 617752, 4 
S, 420, 1615894037, 304576, 11
R, 421, 1615894037 , 326709, 4 
S, 421, 1615894038, 55046, 11
R, 422, 1615894038 , 76439, 4 
S, 422, 1615894038, 805471, 11
R, 423, 1615894038 , 869790, 4 
S, 423, 1615894039, 555876, 11
R, 424, 1615894039 , 576965, 4 
S, 424, 1615894040, 306299, 11
R, 425, 1615894040 , 327945, 4 
S, 425, 1615894041, 56657, 11
R, 426, 1615894041 , 122070, 4 
S, 426, 1615894041, 807042, 11
R, 427, 1615894041 , 828027, 4 
S, 427, 1615894042, 557459, 11
R, 428, 1615894042 , 579761, 4 
S, 428, 1615894043, 307846, 11
R, 429, 1615894043 , 369421, 4 
S, 429, 1615894044, 58281, 11
R, 430, 1615894044 , 79766, 4 
S, 430, 1615894044, 808730, 11
R, 431, 1615894044 , 830118, 4 
S, 431, 1615894045, 559099, 11
R, 432, 1615894045 , 621768, 4 
S, 432, 1615894046, 309496, 11
R, 433, 1615894046 , 330822, 4 
S, 433, 1615894047, 59907, 11
R, 434, 1615894047 , 81795, 4 
S, 434, 1615894047, 810326, 11
R, 435, 1615894047 , 873638, 4 
S, 435, 1615894048, 560715, 11
R, 436, 1615894048 , 581770, 4 
S, 436, 1615894049, 311151, 11
R, 437, 1615894049 , 331965, 4 
S, 437, 1615894050, 61561, 11
R, 438, 1615894050 , 126726, 4 
S, 438, 1615894050, 811939, 11
R, 439, 1615894050 , 833383, 4 
S, 439, 1615894051, 562337, 11
R, 440, 1615894051 , 584351, 4 
S, 440, 1615894052, 312715, 11
R, 441, 1615894052 , 374194, 4 
S, 441, 1615894053, 63201, 11
R, 442, 1615894053 , 84453, 4 
S, 442, 1615894053, 813659, 11
R, 443, 1615894053 , 835387, 4 
S, 443, 1615894054, 564048, 11
R, 444, 1615894054 , 625711, 4 
S, 444, 1615894055, 314420, 11
R, 445, 1615894055 , 334647, 4 
S, 445, 1615894056, 64853, 11
R, 446, 1615894056 , 86894, 4 
S, 446, 1615894056, 815222, 11
R, 447, 1615894056 , 877988, 4 
S, 447, 1615894057, 565593, 11
R, 448, 1615894057 , 587153, 4 
S, 448, 1615894058, 316061, 11
R, 449, 1615894058 , 336925, 4 
S, 449, 1615894059, 66477, 11
R, 450, 1615894059 , 130344, 4 
S, 450, 1615894059, 816848, 11
R, 451, 1615894059 , 838121, 4 
S, 451, 1615894060, 567271, 11
R, 452, 1615894060 , 587742, 4 
S, 452, 1615894061, 317651, 11
R, 453, 1615894061 , 382086, 4 
S, 453, 1615894062, 68031, 11
R, 454, 1615894062 , 97616, 4 
S, 454, 1615894062, 818484, 11
R, 455, 1615894062 , 840800, 4 
S, 455, 1615894063, 568871, 11
R, 456, 1615894063 , 629939, 4 
S, 456, 1615894064, 319260, 11
R, 457, 1615894064 , 340859, 4 
S, 457, 1615894065, 69672, 11
R, 458, 1615894065 , 90452, 4 
S, 458, 1615894065, 820058, 11
R, 459, 1615894065 , 881420, 4 
S, 459, 1615894066, 570439, 11
R, 460, 1615894066 , 594445, 4 
S, 460, 1615894067, 320865, 11
R, 461, 1615894067 , 342310, 4 
S, 461, 1615894068, 71289, 11
R, 462, 1615894068 , 138320, 4 
S, 462, 1615894068, 821715, 11
R, 463, 1615894068 , 842899, 4 
S, 463, 1615894069, 572149, 11
R, 464, 1615894069 , 602194, 4 
S, 464, 1615894070, 322519, 11
R, 465, 1615894070 , 390007, 4 
S, 465, 1615894071, 72961, 11
R, 466, 1615894071 , 98332, 4 
S, 466, 1615894071, 823372, 11
R, 467, 1615894071 , 844881, 4 
S, 467, 1615894072, 573748, 11
R, 468, 1615894072 , 633447, 4 
S, 468, 1615894073, 324173, 11
R, 469, 1615894073 , 344910, 4 
S, 469, 1615894074, 74647, 11
R, 470, 1615894074 , 97085, 4 
S, 470, 1615894074, 825062, 11
R, 471, 1615894074 , 886211, 4 
S, 471, 1615894075, 575449, 11
R, 472, 1615894075 , 597777, 4 
S, 472, 1615894076, 325847, 11
R, 473, 1615894076 , 347623, 4 
S, 473, 1615894077, 76230, 11
R, 474, 1615894077 , 137262, 4 
S, 474, 1615894077, 826647, 11
R, 475, 1615894077 , 848175, 4 
S, 475, 1615894078, 577061, 11
R, 476, 1615894078 , 597869, 4 
S, 476, 1615894079, 327461, 11
R, 477, 1615894079 , 390680, 4 
S, 477, 1615894080, 77878, 11
R, 478, 1615894080 , 100357, 4 
S, 478, 1615894080, 828289, 11
R, 479, 1615894080 , 849965, 4 
S, 479, 1615894081, 578681, 11
R, 480, 1615894081 , 641748, 4 
S, 480, 1615894082, 329144, 11
R, 481, 1615894082 , 351414, 4 
S, 481, 1615894083, 79613, 11
R, 482, 1615894083 , 102413, 4 
S, 482, 1615894083, 830029, 11
R, 483, 1615894083 , 893967, 4 
S, 483, 1615894084, 580417, 11
R, 484, 1615894084 , 603517, 4 
S, 484, 1615894085, 330823, 11
R, 485, 1615894085 , 355235, 4 
S, 485, 1615894086, 81230, 11
R, 486, 1615894086 , 146675, 4 
S, 486, 1615894086, 831615, 11
R, 487, 1615894086 , 853402, 4 
S, 487, 1615894087, 582016, 11
R, 488, 1615894087 , 603768, 4 
S, 488, 1615894088, 332423, 11
R, 489, 1615894088 , 393517, 4 
S, 489, 1615894089, 82927, 11
R, 490, 1615894089 , 110845, 4 
S, 490, 1615894089, 833353, 11
R, 491, 1615894089 , 855292, 4 
S, 491, 1615894090, 583727, 11
R, 492, 1615894090 , 646280, 4 
S, 492, 1615894091, 334102, 11
R, 493, 1615894091 , 356002, 4 
S, 493, 1615894092, 84536, 11
R, 494, 1615894092 , 108291, 4 
S, 494, 1615894092, 834911, 11
R, 495, 1615894092 , 897965, 4 
S, 495, 1615894093, 585300, 11
R, 496, 1615894093 , 606915, 4 
S, 496, 1615894094, 335733, 11
R, 497, 1615894094 , 356598, 4 
S, 497, 1615894095, 86102, 11
R, 498, 1615894095 , 146330, 4 
S, 498, 1615894095, 836522, 11
R, 499, 1615894095 , 857215, 4 
S, 499, 1615894096, 586964, 11
R, 500, 1615894096 , 607608, 4 
