Type, Id paq, time stamp segundos, micro, long paq 
S, 0, 1615890415, 405885, 10
R, 1, 1615890415 , 426069, 4 
S, 1, 1615890416, 156359, 10
R, 2, 1615890416 , 216631, 4 
S, 2, 1615890416, 906743, 10
S, 3, 1615890417, 657172, 10
R, 4, 1615890417 , 676937, 4 
S, 4, 1615890418, 407565, 10
R, 5, 1615890418 , 427602, 4 
S, 5, 1615890419, 157983, 10
R, 6, 1615890419 , 216695, 4 
S, 6, 1615890419, 908358, 10
R, 7, 1615890419 , 928264, 4 
S, 7, 1615890420, 658820, 10
R, 8, 1615890420 , 679195, 4 
S, 8, 1615890421, 409228, 10
R, 9, 1615890421 , 473023, 4 
S, 9, 1615890422, 159691, 10
R, 10, 1615890422 , 179374, 4 
S, 10, 1615890422, 910139, 10
R, 11, 1615890422 , 930240, 4 
S, 11, 1615890423, 660558, 10
R, 12, 1615890423 , 721373, 4 
S, 12, 1615890424, 410942, 10
R, 13, 1615890424 , 430983, 4 
S, 13, 1615890425, 161408, 10
R, 14, 1615890425 , 182006, 4 
S, 14, 1615890425, 911787, 10
R, 15, 1615890425 , 972273, 4 
S, 15, 1615890426, 662186, 10
R, 16, 1615890426 , 680942, 4 
S, 16, 1615890427, 412597, 10
R, 17, 1615890427 , 433280, 4 
S, 17, 1615890428, 163032, 10
R, 18, 1615890428 , 225117, 4 
S, 18, 1615890428, 913442, 10
R, 19, 1615890428 , 932609, 4 
S, 19, 1615890429, 663857, 10
R, 20, 1615890429 , 683500, 4 
S, 20, 1615890430, 414266, 10
R, 21, 1615890430 , 473317, 4 
S, 21, 1615890431, 164677, 10
R, 22, 1615890431 , 184061, 4 
S, 22, 1615890431, 915127, 10
R, 23, 1615890431 , 933446, 4 
S, 23, 1615890432, 665509, 10
R, 24, 1615890432 , 724696, 4 
S, 24, 1615890433, 415893, 10
R, 25, 1615890433 , 435147, 4 
S, 25, 1615890434, 166324, 10
R, 26, 1615890434 , 185519, 4 
S, 26, 1615890434, 916708, 10
R, 27, 1615890434 , 976569, 4 
S, 27, 1615890435, 667141, 10
R, 28, 1615890435 , 686367, 4 
S, 28, 1615890436, 417559, 10
R, 29, 1615890436 , 436959, 4 
S, 29, 1615890437, 167945, 10
R, 30, 1615890437 , 228524, 4 
S, 30, 1615890437, 918354, 10
R, 31, 1615890437 , 938870, 4 
S, 31, 1615890438, 668807, 10
R, 32, 1615890438 , 687962, 4 
S, 32, 1615890439, 419202, 10
R, 33, 1615890439 , 480235, 4 
S, 33, 1615890440, 169606, 10
R, 34, 1615890440 , 188257, 4 
S, 34, 1615890440, 920017, 10
R, 35, 1615890440 , 940845, 4 
S, 35, 1615890441, 670396, 10
R, 36, 1615890441 , 733117, 4 
S, 36, 1615890442, 420758, 10
R, 37, 1615890442 , 443705, 4 
S, 37, 1615890443, 171170, 10
R, 38, 1615890443 , 192126, 4 
S, 38, 1615890443, 921586, 10
S, 39, 1615890444, 671958, 10
R, 40, 1615890444 , 736236, 4 
S, 40, 1615890445, 422406, 10
S, 41, 1615890446, 172901, 10
R, 42, 1615890446 , 191525, 4 
S, 42, 1615890446, 923316, 10
R, 43, 1615890446 , 942581, 4 
S, 43, 1615890447, 673697, 10
R, 44, 1615890447 , 733322, 4 
S, 44, 1615890448, 424067, 10
R, 45, 1615890448 , 444607, 4 
S, 45, 1615890449, 174530, 10
R, 46, 1615890449 , 209059, 4 
S, 46, 1615890449, 924941, 10
R, 47, 1615890449 , 985089, 4 
S, 47, 1615890450, 675324, 10
R, 48, 1615890450 , 694891, 4 
S, 48, 1615890451, 425733, 10
R, 49, 1615890451 , 451129, 4 
S, 49, 1615890452, 176105, 10
S, 50, 1615890452, 926480, 10
S, 51, 1615890453, 676920, 10
R, 52, 1615890453 , 736191, 4 
S, 52, 1615890454, 427334, 10
S, 53, 1615890455, 177779, 10
R, 54, 1615890455 , 199901, 4 
S, 54, 1615890455, 928210, 10
R, 55, 1615890455 , 950116, 4 
S, 55, 1615890456, 678594, 10
R, 56, 1615890456 , 736981, 4 
S, 56, 1615890457, 428970, 10
R, 57, 1615890457 , 448707, 4 
S, 57, 1615890458, 179383, 10
R, 58, 1615890458 , 198330, 4 
S, 58, 1615890458, 929793, 10
R, 59, 1615890458 , 993260, 4 
S, 59, 1615890459, 680171, 10
S, 60, 1615890460, 430617, 10
R, 61, 1615890460 , 449235, 4 
S, 61, 1615890461, 181010, 10
R, 62, 1615890461 , 200062, 4 
S, 62, 1615890461, 931416, 10
S, 63, 1615890462, 681780, 10
S, 64, 1615890463, 432158, 10
S, 65, 1615890464, 182595, 10
S, 66, 1615890464, 933050, 10
S, 67, 1615890465, 683457, 10
S, 68, 1615890466, 433847, 10
S, 69, 1615890467, 184216, 10
S, 70, 1615890467, 934601, 10
S, 71, 1615890468, 685046, 10
S, 72, 1615890469, 435451, 10
S, 73, 1615890470, 185886, 10
S, 74, 1615890470, 936292, 10
R, 75, 1615890470 , 998374, 4 
S, 75, 1615890471, 686681, 10
R, 76, 1615890471 , 707899, 4 
S, 76, 1615890472, 437083, 10
R, 77, 1615890472 , 457578, 4 
S, 77, 1615890473, 187453, 10
S, 78, 1615890473, 937873, 10
R, 79, 1615890473 , 964508, 4 
S, 79, 1615890474, 688283, 10
R, 80, 1615890474 , 709042, 4 
S, 80, 1615890475, 438693, 10
S, 81, 1615890476, 189055, 10
R, 82, 1615890476 , 209631, 4 
S, 82, 1615890476, 939446, 10
S, 83, 1615890477, 689834, 10
S, 84, 1615890478, 440217, 10
S, 85, 1615890479, 190646, 10
R, 86, 1615890479 , 211660, 4 
S, 86, 1615890479, 941034, 10
R, 87, 1615890480 , 2036, 4 
S, 87, 1615890480, 691450, 10
R, 88, 1615890480 , 712179, 4 
S, 88, 1615890481, 441871, 10
R, 89, 1615890481 , 461840, 4 
S, 89, 1615890482, 192325, 10
R, 90, 1615890482 , 254018, 4 
S, 90, 1615890482, 942714, 10
R, 91, 1615890482 , 963078, 4 
S, 91, 1615890483, 693211, 10
S, 92, 1615890484, 443591, 10
R, 93, 1615890484 , 465339, 4 
S, 93, 1615890485, 194035, 10
R, 94, 1615890485 , 254084, 4 
S, 94, 1615890485, 944436, 10
R, 95, 1615890485 , 966216, 4 
S, 95, 1615890486, 694840, 10
S, 96, 1615890487, 445228, 10
R, 97, 1615890487 , 471828, 4 
S, 97, 1615890488, 195619, 10
R, 98, 1615890488 , 258237, 4 
S, 98, 1615890488, 946032, 10
R, 99, 1615890488 , 966587, 4 
S, 99, 1615890489, 696442, 10
S, 100, 1615890490, 446857, 10
S, 101, 1615890491, 197243, 10
R, 102, 1615890491 , 218566, 4 
S, 102, 1615890491, 947676, 10
R, 103, 1615890492 , 9518, 4 
S, 103, 1615890492, 698040, 10
S, 104, 1615890493, 448458, 10
R, 105, 1615890493 , 469222, 4 
S, 105, 1615890494, 198895, 10
S, 106, 1615890494, 949263, 10
R, 107, 1615890494 , 969130, 4 
S, 107, 1615890495, 699679, 10
S, 108, 1615890496, 450058, 10
R, 109, 1615890496 , 510214, 4 
S, 109, 1615890497, 200453, 10
R, 110, 1615890497 , 220461, 4 
S, 110, 1615890497, 950915, 10
R, 111, 1615890497 , 971344, 4 
S, 111, 1615890498, 701316, 10
R, 112, 1615890498 , 762207, 4 
S, 112, 1615890499, 451703, 10
R, 113, 1615890499 , 474484, 4 
S, 113, 1615890500, 202155, 10
R, 114, 1615890500 , 225072, 4 
S, 114, 1615890500, 952525, 10
R, 115, 1615890501 , 17213, 4 
S, 115, 1615890501, 702959, 10
R, 116, 1615890501 , 723675, 4 
S, 116, 1615890502, 453365, 10
R, 117, 1615890502 , 473901, 4 
S, 117, 1615890503, 203727, 10
R, 118, 1615890503 , 270072, 4 
S, 118, 1615890503, 954147, 10
R, 119, 1615890503 , 974404, 4 
S, 119, 1615890504, 704564, 10
R, 120, 1615890504 , 727964, 4 
S, 120, 1615890505, 454973, 10
R, 121, 1615890505 , 513813, 4 
S, 121, 1615890506, 205344, 10
R, 122, 1615890506 , 225300, 4 
S, 122, 1615890506, 955756, 10
R, 123, 1615890506 , 976217, 4 
S, 123, 1615890507, 706133, 10
R, 124, 1615890507 , 765716, 4 
S, 124, 1615890508, 456511, 10
R, 125, 1615890508 , 476723, 4 
S, 125, 1615890509, 206975, 10
S, 126, 1615890509, 957374, 10
R, 127, 1615890509 , 978551, 4 
S, 127, 1615890510, 707815, 10
R, 128, 1615890510 , 769337, 4 
S, 128, 1615890511, 458187, 10
R, 129, 1615890511 , 479065, 4 
S, 129, 1615890512, 208600, 10
R, 130, 1615890512 , 229333, 4 
S, 130, 1615890512, 958976, 10
R, 131, 1615890513 , 21488, 4 
S, 131, 1615890513, 709378, 10
R, 132, 1615890513 , 730412, 4 
S, 132, 1615890514, 459802, 10
R, 133, 1615890514 , 480034, 4 
S, 133, 1615890515, 210222, 10
S, 134, 1615890515, 960597, 10
R, 135, 1615890516 , 22199, 4 
S, 135, 1615890516, 711027, 10
R, 136, 1615890516 , 733080, 4 
S, 136, 1615890517, 461463, 10
R, 137, 1615890517 , 482560, 4 
S, 137, 1615890518, 211844, 10
R, 138, 1615890518 , 274153, 4 
S, 138, 1615890518, 962261, 10
R, 139, 1615890518 , 983079, 4 
S, 139, 1615890519, 712662, 10
R, 140, 1615890519 , 733333, 4 
S, 140, 1615890520, 463136, 10
R, 141, 1615890520 , 530088, 4 
S, 141, 1615890521, 213509, 10
R, 142, 1615890521 , 233939, 4 
S, 142, 1615890521, 963922, 10
R, 143, 1615890521 , 985469, 4 
S, 143, 1615890522, 714330, 10
S, 144, 1615890523, 464704, 10
R, 145, 1615890523 , 484007, 4 
S, 145, 1615890524, 215142, 10
R, 146, 1615890524 , 234885, 4 
S, 146, 1615890524, 965518, 10
S, 147, 1615890525, 715930, 10
S, 148, 1615890526, 466322, 10
R, 149, 1615890526 , 526267, 4 
S, 149, 1615890527, 216714, 10
R, 150, 1615890527 , 237871, 4 
S, 150, 1615890527, 967120, 10
R, 151, 1615890527 , 987463, 4 
S, 151, 1615890528, 717523, 10
R, 152, 1615890528 , 777744, 4 
S, 152, 1615890529, 467921, 10
R, 153, 1615890529 , 488652, 4 
S, 153, 1615890530, 218375, 10
R, 154, 1615890530 , 238569, 4 
S, 154, 1615890530, 968749, 10
R, 155, 1615890531 , 30136, 4 
S, 155, 1615890531, 719118, 10
R, 156, 1615890531 , 737779, 4 
S, 156, 1615890532, 469533, 10
R, 157, 1615890532 , 488663, 4 
S, 157, 1615890533, 219903, 10
R, 158, 1615890533 , 282896, 4 
S, 158, 1615890533, 970329, 10
R, 159, 1615890533 , 992430, 4 
S, 159, 1615890534, 720731, 10
R, 160, 1615890534 , 741483, 4 
S, 160, 1615890535, 471137, 10
R, 161, 1615890535 , 535024, 4 
S, 161, 1615890536, 221500, 10
R, 162, 1615890536 , 242688, 4 
S, 162, 1615890536, 971909, 10
R, 163, 1615890536 , 991647, 4 
S, 163, 1615890537, 722289, 10
R, 164, 1615890537 , 786424, 4 
S, 164, 1615890538, 472662, 10
R, 165, 1615890538 , 493503, 4 
S, 165, 1615890539, 223170, 10
R, 166, 1615890539 , 246959, 4 
S, 166, 1615890539, 973549, 10
R, 167, 1615890540 , 34719, 4 
S, 167, 1615890540, 723973, 10
R, 168, 1615890540 , 744333, 4 
S, 168, 1615890541, 474404, 10
R, 169, 1615890541 , 494616, 4 
S, 169, 1615890542, 224805, 10
R, 170, 1615890542 , 286733, 4 
S, 170, 1615890542, 975182, 10
R, 171, 1615890542 , 996366, 4 
S, 171, 1615890543, 725622, 10
R, 172, 1615890543 , 746008, 4 
S, 172, 1615890544, 476037, 10
R, 173, 1615890544 , 538752, 4 
S, 173, 1615890545, 226451, 10
R, 174, 1615890545 , 247456, 4 
S, 174, 1615890545, 976871, 10
R, 175, 1615890545 , 997112, 4 
S, 175, 1615890546, 727257, 10
R, 176, 1615890546 , 786066, 4 
S, 176, 1615890547, 477630, 10
R, 177, 1615890547 , 498229, 4 
S, 177, 1615890548, 228039, 10
R, 178, 1615890548 , 248496, 4 
S, 178, 1615890548, 978447, 10
R, 179, 1615890549 , 38124, 4 
S, 179, 1615890549, 728826, 10
R, 180, 1615890549 , 749002, 4 
S, 180, 1615890550, 479271, 10
R, 181, 1615890550 , 499350, 4 
S, 181, 1615890551, 229649, 10
R, 182, 1615890551 , 290948, 4 
S, 182, 1615890551, 980026, 10
R, 183, 1615890552 , 546, 4 
S, 183, 1615890552, 730477, 10
R, 184, 1615890552 , 750786, 4 
S, 184, 1615890553, 480858, 10
R, 185, 1615890553 , 546887, 4 
S, 185, 1615890554, 231272, 10
R, 186, 1615890554 , 251316, 4 
S, 186, 1615890554, 981681, 10
S, 187, 1615890555, 732057, 10
R, 188, 1615890555 , 794454, 4 
S, 188, 1615890556, 482450, 10
R, 189, 1615890556 , 502070, 4 
S, 189, 1615890557, 232922, 10
R, 190, 1615890557 , 254316, 4 
S, 190, 1615890557, 983329, 10
R, 191, 1615890558 , 47066, 4 
S, 191, 1615890558, 733705, 10
R, 192, 1615890558 , 754705, 4 
S, 192, 1615890559, 484136, 10
R, 193, 1615890559 , 504967, 4 
S, 193, 1615890560, 234553, 10
R, 194, 1615890560 , 293645, 4 
S, 194, 1615890560, 984932, 10
R, 195, 1615890561 , 7724, 4 
S, 195, 1615890561, 735338, 10
R, 196, 1615890561 , 756067, 4 
S, 196, 1615890562, 485738, 10
R, 197, 1615890562 , 545676, 4 
S, 197, 1615890563, 236111, 10
R, 198, 1615890563 , 257256, 4 
S, 198, 1615890563, 986569, 10
R, 199, 1615890564 , 6838, 4 
S, 199, 1615890564, 736950, 10
R, 200, 1615890564 , 802266, 4 
S, 200, 1615890565, 487366, 10
R, 201, 1615890565 , 507440, 4 
S, 201, 1615890566, 237785, 10
R, 202, 1615890566 , 258340, 4 
S, 202, 1615890566, 988167, 10
R, 203, 1615890567 , 54338, 4 
S, 203, 1615890567, 738529, 10
S, 204, 1615890568, 488932, 10
R, 205, 1615890568 , 509666, 4 
S, 205, 1615890569, 239371, 10
R, 206, 1615890569 , 301913, 4 
S, 206, 1615890569, 989784, 10
R, 207, 1615890570 , 10351, 4 
S, 207, 1615890570, 740199, 10
R, 208, 1615890570 , 760550, 4 
S, 208, 1615890571, 490575, 10
R, 209, 1615890571 , 550179, 4 
S, 209, 1615890572, 240943, 10
R, 210, 1615890572 , 261060, 4 
S, 210, 1615890572, 991362, 10
R, 211, 1615890573 , 12081, 4 
S, 211, 1615890573, 741729, 10
R, 212, 1615890573 , 802232, 4 
S, 212, 1615890574, 492148, 10
R, 213, 1615890574 , 511936, 4 
S, 213, 1615890575, 242600, 10
R, 214, 1615890575 , 263203, 4 
S, 214, 1615890575, 993052, 10
R, 215, 1615890576 , 54075, 4 
S, 215, 1615890576, 743407, 10
R, 216, 1615890576 , 764848, 4 
S, 216, 1615890577, 493827, 10
R, 217, 1615890577 , 514481, 4 
S, 217, 1615890578, 244201, 10
S, 218, 1615890578, 994612, 10
R, 219, 1615890579 , 16168, 4 
S, 219, 1615890579, 745003, 10
R, 220, 1615890579 , 765741, 4 
S, 220, 1615890580, 495412, 10
S, 221, 1615890581, 245789, 10
R, 222, 1615890581 , 272944, 4 
S, 222, 1615890581, 996212, 10
R, 223, 1615890582 , 17201, 4 
S, 223, 1615890582, 746597, 10
R, 224, 1615890582 , 806929, 4 
S, 224, 1615890583, 496966, 10
R, 225, 1615890583 , 517843, 4 
S, 225, 1615890584, 247424, 10
R, 226, 1615890584 , 268615, 4 
S, 226, 1615890584, 997810, 10
R, 227, 1615890585 , 62289, 4 
S, 227, 1615890585, 748226, 10
R, 228, 1615890585 , 768553, 4 
S, 228, 1615890586, 498639, 10
R, 229, 1615890586 , 518144, 4 
S, 229, 1615890587, 249004, 10
R, 230, 1615890587 , 310963, 4 
S, 230, 1615890587, 999416, 10
R, 231, 1615890588 , 20520, 4 
S, 231, 1615890588, 749829, 10
R, 232, 1615890588 , 773524, 4 
S, 232, 1615890589, 500252, 10
R, 233, 1615890589 , 563050, 4 
S, 233, 1615890590, 250661, 10
R, 234, 1615890590 , 270294, 4 
S, 234, 1615890591, 1073, 10
R, 235, 1615890591 , 22463, 4 
S, 235, 1615890591, 751439, 10
R, 236, 1615890591 , 814110, 4 
S, 236, 1615890592, 501803, 10
R, 237, 1615890592 , 525663, 4 
S, 237, 1615890593, 252264, 10
R, 238, 1615890593 , 273914, 4 
S, 238, 1615890594, 2671, 10
R, 239, 1615890594 , 62187, 4 
S, 239, 1615890594, 753098, 10
R, 240, 1615890594 , 773806, 4 
S, 240, 1615890595, 503545, 10
R, 241, 1615890595 , 524849, 4 
S, 241, 1615890596, 253914, 10
R, 242, 1615890596 , 318328, 4 
S, 242, 1615890597, 4296, 10
R, 243, 1615890597 , 23492, 4 
S, 243, 1615890597, 754685, 10
R, 244, 1615890597 , 775590, 4 
S, 244, 1615890598, 505060, 10
R, 245, 1615890598 , 567177, 4 
S, 245, 1615890599, 255480, 10
R, 246, 1615890599 , 277487, 4 
S, 246, 1615890600, 5896, 10
R, 247, 1615890600 , 25916, 4 
S, 247, 1615890600, 756307, 10
R, 248, 1615890600 , 818715, 4 
S, 248, 1615890601, 506691, 10
R, 249, 1615890601 , 527717, 4 
S, 249, 1615890602, 257182, 10
R, 250, 1615890602 , 277988, 4 
S, 250, 1615890603, 7554, 10
R, 251, 1615890603 , 70780, 4 
S, 251, 1615890603, 757931, 10
R, 252, 1615890603 , 778401, 4 
S, 252, 1615890604, 508362, 10
R, 253, 1615890604 , 529372, 4 
S, 253, 1615890605, 258794, 10
R, 254, 1615890605 , 318007, 4 
S, 254, 1615890606, 9178, 10
R, 255, 1615890606 , 29410, 4 
S, 255, 1615890606, 759579, 10
R, 256, 1615890606 , 780400, 4 
S, 256, 1615890607, 509945, 10
R, 257, 1615890607 , 570580, 4 
S, 257, 1615890608, 260317, 10
R, 258, 1615890608 , 280837, 4 
S, 258, 1615890609, 10767, 10
R, 259, 1615890609 , 30464, 4 
S, 259, 1615890609, 761134, 10
R, 260, 1615890609 , 826628, 4 
S, 260, 1615890610, 511546, 10
R, 261, 1615890610 , 532398, 4 
S, 261, 1615890611, 261976, 10
R, 262, 1615890611 , 290339, 4 
S, 262, 1615890612, 12350, 10
R, 263, 1615890612 , 70302, 4 
S, 263, 1615890612, 762708, 10
R, 264, 1615890612 , 782461, 4 
S, 264, 1615890613, 513184, 10
R, 265, 1615890613 , 533498, 4 
S, 265, 1615890614, 263600, 10
R, 266, 1615890614 , 323067, 4 
S, 266, 1615890615, 13970, 10
R, 267, 1615890615 , 37866, 4 
S, 267, 1615890615, 764435, 10
R, 268, 1615890615 , 785552, 4 
S, 268, 1615890616, 514813, 10
R, 269, 1615890616 , 575114, 4 
S, 269, 1615890617, 265186, 10
R, 270, 1615890617 , 286133, 4 
S, 270, 1615890618, 15601, 10
R, 271, 1615890618 , 36988, 4 
S, 271, 1615890618, 765977, 10
R, 272, 1615890618 , 826594, 4 
S, 272, 1615890619, 516392, 10
R, 273, 1615890619 , 537525, 4 
S, 273, 1615890620, 266852, 10
R, 274, 1615890620 , 287317, 4 
S, 274, 1615890621, 17227, 10
R, 275, 1615890621 , 78890, 4 
S, 275, 1615890621, 767596, 10
R, 276, 1615890621 , 787183, 4 
S, 276, 1615890622, 518033, 10
R, 277, 1615890622 , 538889, 4 
S, 277, 1615890623, 268432, 10
R, 278, 1615890623 , 335475, 4 
S, 278, 1615890624, 18842, 10
R, 279, 1615890624 , 40013, 4 
S, 279, 1615890624, 769264, 10
R, 280, 1615890624 , 794639, 4 
S, 280, 1615890625, 519674, 10
R, 281, 1615890625 , 582422, 4 
S, 281, 1615890626, 270043, 10
R, 282, 1615890626 , 291413, 4 
S, 282, 1615890627, 20454, 10
R, 283, 1615890627 , 41019, 4 
S, 283, 1615890627, 770816, 10
R, 284, 1615890627 , 830664, 4 
S, 284, 1615890628, 521217, 10
R, 285, 1615890628 , 541555, 4 
S, 285, 1615890629, 271672, 10
R, 286, 1615890629 , 291818, 4 
S, 286, 1615890630, 22049, 10
R, 287, 1615890630 , 83352, 4 
S, 287, 1615890630, 772462, 10
R, 288, 1615890630 , 793765, 4 
S, 288, 1615890631, 522939, 10
R, 289, 1615890631 , 543430, 4 
S, 289, 1615890632, 273307, 10
R, 290, 1615890632 , 338645, 4 
S, 290, 1615890633, 23692, 10
R, 291, 1615890633 , 44978, 4 
S, 291, 1615890633, 774107, 10
R, 292, 1615890633 , 794574, 4 
S, 292, 1615890634, 524530, 10
R, 293, 1615890634 , 590788, 4 
S, 293, 1615890635, 274938, 10
R, 294, 1615890635 , 296088, 4 
S, 294, 1615890636, 25338, 10
R, 295, 1615890636 , 45725, 4 
S, 295, 1615890636, 775707, 10
R, 296, 1615890636 , 835385, 4 
S, 296, 1615890637, 526079, 10
R, 297, 1615890637 , 549586, 4 
S, 297, 1615890638, 276481, 10
R, 298, 1615890638 , 296496, 4 
S, 298, 1615890639, 26894, 10
R, 299, 1615890639 , 91215, 4 
S, 299, 1615890639, 777272, 10
R, 300, 1615890639 , 797662, 4 
S, 300, 1615890640, 527734, 10
R, 301, 1615890640 , 548708, 4 
S, 301, 1615890641, 278109, 10
R, 302, 1615890641 , 339514, 4 
S, 302, 1615890642, 28483, 10
R, 303, 1615890642 , 49166, 4 
S, 303, 1615890642, 778886, 10
R, 304, 1615890642 , 798789, 4 
S, 304, 1615890643, 529263, 10
R, 305, 1615890643 , 590243, 4 
S, 305, 1615890644, 279667, 10
R, 306, 1615890644 , 299332, 4 
S, 306, 1615890645, 30086, 10
R, 307, 1615890645 , 50982, 4 
S, 307, 1615890645, 780518, 10
R, 308, 1615890645 , 842585, 4 
S, 308, 1615890646, 530895, 10
R, 309, 1615890646 , 553052, 4 
S, 309, 1615890647, 281301, 10
R, 310, 1615890647 , 301706, 4 
S, 310, 1615890648, 31669, 10
R, 311, 1615890648 , 91325, 4 
S, 311, 1615890648, 782037, 10
R, 312, 1615890648 , 807900, 4 
S, 312, 1615890649, 532504, 10
R, 313, 1615890649 , 553715, 4 
S, 313, 1615890650, 282947, 10
R, 314, 1615890650 , 343099, 4 
S, 314, 1615890651, 33321, 10
R, 315, 1615890651 , 54459, 4 
S, 315, 1615890651, 783725, 10
R, 316, 1615890651 , 808087, 4 
S, 316, 1615890652, 534114, 10
R, 317, 1615890652 , 595078, 4 
S, 317, 1615890653, 284496, 10
R, 318, 1615890653 , 304621, 4 
S, 318, 1615890654, 34938, 10
R, 319, 1615890654 , 56839, 4 
S, 319, 1615890654, 785299, 10
R, 320, 1615890654 , 851648, 4 
S, 320, 1615890655, 535701, 10
R, 321, 1615890655 , 556256, 4 
S, 321, 1615890656, 286108, 10
R, 322, 1615890656 , 307207, 4 
S, 322, 1615890657, 36466, 10
R, 323, 1615890657 , 98574, 4 
S, 323, 1615890657, 786845, 10
R, 324, 1615890657 , 806956, 4 
S, 324, 1615890658, 537299, 10
R, 325, 1615890658 , 557897, 4 
S, 325, 1615890659, 287714, 10
R, 326, 1615890659 , 346892, 4 
S, 326, 1615890660, 38092, 10
R, 327, 1615890660 , 57823, 4 
S, 327, 1615890660, 788545, 10
R, 328, 1615890660 , 808837, 4 
S, 328, 1615890661, 538933, 10
R, 329, 1615890661 , 599051, 4 
S, 329, 1615890662, 289377, 10
S, 330, 1615890663, 39785, 10
S, 331, 1615890663, 790175, 10
S, 332, 1615890664, 540624, 10
R, 333, 1615890664 , 603710, 4 
S, 333, 1615890665, 291065, 10
R, 334, 1615890665 , 315608, 4 
S, 334, 1615890666, 41487, 10
R, 335, 1615890666 , 62052, 4 
S, 335, 1615890666, 791864, 10
R, 336, 1615890666 , 859384, 4 
S, 336, 1615890667, 542235, 10
R, 337, 1615890667 , 563211, 4 
S, 337, 1615890668, 292672, 10
R, 338, 1615890668 , 313880, 4 
S, 338, 1615890669, 43103, 10
R, 339, 1615890669 , 106780, 4 
S, 339, 1615890669, 793494, 10
R, 340, 1615890669 , 813991, 4 
S, 340, 1615890670, 543945, 10
R, 341, 1615890670 , 564281, 4 
S, 341, 1615890671, 294342, 10
R, 342, 1615890671 , 355141, 4 
S, 342, 1615890672, 44707, 10
R, 343, 1615890672 , 64797, 4 
S, 343, 1615890672, 795112, 10
R, 344, 1615890672 , 815016, 4 
S, 344, 1615890673, 545494, 10
R, 345, 1615890673 , 606537, 4 
S, 345, 1615890674, 295900, 10
R, 346, 1615890674 , 316218, 4 
S, 346, 1615890675, 46317, 10
R, 347, 1615890675 , 67211, 4 
S, 347, 1615890675, 796702, 10
R, 348, 1615890675 , 863467, 4 
S, 348, 1615890676, 547110, 10
R, 349, 1615890676 , 567791, 4 
S, 349, 1615890677, 297514, 10
R, 350, 1615890677 , 317341, 4 
S, 350, 1615890678, 47896, 10
R, 351, 1615890678 , 107738, 4 
S, 351, 1615890678, 798273, 10
R, 352, 1615890678 , 819213, 4 
S, 352, 1615890679, 548730, 10
R, 353, 1615890679 , 570052, 4 
S, 353, 1615890680, 299140, 10
R, 354, 1615890680 , 358422, 4 
S, 354, 1615890681, 49519, 10
R, 355, 1615890681 , 68086, 4 
S, 355, 1615890681, 799926, 10
R, 356, 1615890681 , 819440, 4 
S, 356, 1615890682, 550314, 10
R, 357, 1615890682 , 614213, 4 
S, 357, 1615890683, 300689, 10
R, 358, 1615890683 , 320732, 4 
S, 358, 1615890684, 51097, 10
R, 359, 1615890684 , 69830, 4 
S, 359, 1615890684, 801518, 10
R, 360, 1615890684 , 862689, 4 
S, 360, 1615890685, 551895, 10
R, 361, 1615890685 , 570915, 4 
S, 361, 1615890686, 302305, 10
R, 362, 1615890686 , 320725, 4 
S, 362, 1615890687, 52676, 10
R, 363, 1615890687 , 114329, 4 
S, 363, 1615890687, 803098, 10
R, 364, 1615890687 , 823328, 4 
S, 364, 1615890688, 553524, 10
R, 365, 1615890688 , 573160, 4 
S, 365, 1615890689, 303935, 10
R, 366, 1615890689 , 365958, 4 
S, 366, 1615890690, 54304, 10
R, 367, 1615890690 , 74256, 4 
S, 367, 1615890690, 804754, 10
R, 368, 1615890690 , 825351, 4 
S, 368, 1615890691, 555131, 10
R, 369, 1615890691 , 615030, 4 
S, 369, 1615890692, 305493, 10
R, 370, 1615890692 , 326035, 4 
S, 370, 1615890693, 55898, 10
R, 371, 1615890693 , 75161, 4 
S, 371, 1615890693, 806301, 10
R, 372, 1615890693 , 866615, 4 
S, 372, 1615890694, 556716, 10
R, 373, 1615890694 , 575805, 4 
S, 373, 1615890695, 307163, 10
R, 374, 1615890695 , 326637, 4 
S, 374, 1615890696, 57540, 10
R, 375, 1615890696 , 118369, 4 
S, 375, 1615890696, 807908, 10
R, 376, 1615890696 , 832127, 4 
S, 376, 1615890697, 558317, 10
R, 377, 1615890697 , 578566, 4 
S, 377, 1615890698, 308688, 10
R, 378, 1615890698 , 370645, 4 
S, 378, 1615890699, 59062, 10
R, 379, 1615890699 , 79318, 4 
S, 379, 1615890699, 809486, 10
R, 380, 1615890699 , 828884, 4 
S, 380, 1615890700, 559901, 10
R, 381, 1615890700 , 619236, 4 
S, 381, 1615890701, 310271, 10
R, 382, 1615890701 , 329593, 4 
S, 382, 1615890702, 60679, 10
S, 383, 1615890702, 811040, 10
R, 384, 1615890702 , 874752, 4 
S, 384, 1615890703, 561437, 10
R, 385, 1615890703 , 581828, 4 
S, 385, 1615890704, 311888, 10
R, 386, 1615890704 , 331450, 4 
S, 386, 1615890705, 62272, 10
R, 387, 1615890705 , 126303, 4 
S, 387, 1615890705, 812687, 10
R, 388, 1615890705 , 832251, 4 
S, 388, 1615890706, 563168, 10
R, 389, 1615890706 , 583264, 4 
S, 389, 1615890707, 313535, 10
R, 390, 1615890707 , 374891, 4 
S, 390, 1615890708, 63904, 10
R, 391, 1615890708 , 83232, 4 
S, 391, 1615890708, 814341, 10
R, 392, 1615890708 , 834178, 4 
S, 392, 1615890709, 564737, 10
R, 393, 1615890709 , 622516, 4 
S, 393, 1615890710, 315153, 10
R, 394, 1615890710 , 334781, 4 
S, 394, 1615890711, 65559, 10
R, 395, 1615890711 , 84453, 4 
S, 395, 1615890711, 815937, 10
R, 396, 1615890711 , 874464, 4 
S, 396, 1615890712, 566332, 10
R, 397, 1615890712 , 586126, 4 
S, 397, 1615890713, 316733, 10
R, 398, 1615890713 , 339067, 4 
S, 398, 1615890714, 67114, 10
R, 399, 1615890714 , 126101, 4 
S, 399, 1615890714, 817526, 10
R, 400, 1615890714 , 837049, 4 
S, 400, 1615890715, 567979, 10
R, 401, 1615890715 , 588082, 4 
S, 401, 1615890716, 318345, 10
R, 402, 1615890716 , 379160, 4 
S, 402, 1615890717, 68711, 10
R, 403, 1615890717 , 87589, 4 
S, 403, 1615890717, 819107, 10
R, 404, 1615890717 , 837783, 4 
S, 404, 1615890718, 569520, 10
R, 405, 1615890718 , 630639, 4 
S, 405, 1615890719, 319978, 10
R, 406, 1615890719 , 339705, 4 
S, 406, 1615890720, 70436, 10
R, 407, 1615890720 , 90576, 4 
S, 407, 1615890720, 820854, 10
R, 408, 1615890720 , 883034, 4 
S, 408, 1615890721, 571226, 10
R, 409, 1615890721 , 591382, 4 
S, 409, 1615890722, 321668, 10
R, 410, 1615890722 , 344167, 4 
S, 410, 1615890723, 72041, 10
R, 411, 1615890723 , 130736, 4 
S, 411, 1615890723, 822412, 10
R, 412, 1615890723 , 841130, 4 
S, 412, 1615890724, 572942, 10
R, 413, 1615890724 , 598610, 4 
S, 413, 1615890725, 323357, 10
R, 414, 1615890725 , 382458, 4 
S, 414, 1615890726, 73735, 10
R, 415, 1615890726 , 93366, 4 
S, 415, 1615890726, 824136, 10
R, 416, 1615890726 , 843204, 4 
S, 416, 1615890727, 574491, 10
R, 417, 1615890727 , 634916, 4 
S, 417, 1615890728, 324854, 10
R, 418, 1615890728 , 345206, 4 
S, 418, 1615890729, 75305, 10
R, 419, 1615890729 , 96508, 4 
S, 419, 1615890729, 825729, 10
R, 420, 1615890729 , 888804, 4 
S, 420, 1615890730, 576116, 10
R, 421, 1615890730 , 596466, 4 
S, 421, 1615890731, 326525, 10
R, 422, 1615890731 , 354331, 4 
S, 422, 1615890732, 76887, 10
R, 423, 1615890732 , 139092, 4 
S, 423, 1615890732, 827252, 10
R, 424, 1615890732 , 846712, 4 
S, 424, 1615890733, 577665, 10
R, 425, 1615890733 , 597712, 4 
S, 425, 1615890734, 328070, 10
R, 426, 1615890734 , 391254, 4 
S, 426, 1615890735, 78444, 10
R, 427, 1615890735 , 98028, 4 
S, 427, 1615890735, 828904, 10
R, 428, 1615890735 , 848296, 4 
S, 428, 1615890736, 579307, 10
R, 429, 1615890736 , 638804, 4 
S, 429, 1615890737, 329683, 10
R, 430, 1615890737 , 349151, 4 
S, 430, 1615890738, 80100, 10
R, 431, 1615890738 , 100733, 4 
S, 431, 1615890738, 830472, 10
R, 432, 1615890738 , 890422, 4 
S, 432, 1615890739, 580891, 10
R, 433, 1615890739 , 600627, 4 
S, 433, 1615890740, 331356, 10
S, 434, 1615890741, 81734, 10
R, 435, 1615890741 , 143337, 4 
S, 435, 1615890741, 832147, 10
R, 436, 1615890741 , 851905, 4 
S, 436, 1615890742, 582583, 10
R, 437, 1615890742 , 602951, 4 
S, 437, 1615890743, 332987, 10
R, 438, 1615890743 , 390728, 4 
S, 438, 1615890744, 83378, 10
R, 439, 1615890744 , 103714, 4 
S, 439, 1615890744, 833807, 10
R, 440, 1615890744 , 852528, 4 
S, 440, 1615890745, 584217, 10
R, 441, 1615890745 , 642285, 4 
S, 441, 1615890746, 334585, 10
R, 442, 1615890746 , 353392, 4 
S, 442, 1615890747, 84990, 10
R, 443, 1615890747 , 104212, 4 
S, 443, 1615890747, 835361, 10
R, 444, 1615890747 , 899115, 4 
S, 444, 1615890748, 585755, 10
R, 445, 1615890748 , 610119, 4 
S, 445, 1615890749, 336205, 10
R, 446, 1615890749 , 356840, 4 
S, 446, 1615890750, 86587, 10
R, 447, 1615890750 , 147772, 4 
S, 447, 1615890750, 836997, 10
R, 448, 1615890750 , 856712, 4 
S, 448, 1615890751, 587397, 10
R, 449, 1615890751 , 612116, 4 
S, 449, 1615890752, 337770, 10
R, 450, 1615890752 , 399820, 4 
S, 450, 1615890753, 88145, 10
R, 451, 1615890753 , 107499, 4 
S, 451, 1615890753, 838554, 10
R, 452, 1615890753 , 858579, 4 
S, 452, 1615890754, 588972, 10
R, 453, 1615890754 , 651386, 4 
S, 453, 1615890755, 339378, 10
R, 454, 1615890755 , 367457, 4 
S, 454, 1615890756, 89797, 10
R, 455, 1615890756 , 111292, 4 
S, 455, 1615890756, 840163, 10
R, 456, 1615890756 , 899648, 4 
S, 456, 1615890757, 590542, 10
R, 457, 1615890757 , 611146, 4 
S, 457, 1615890758, 340945, 10
R, 458, 1615890758 , 362054, 4 
S, 458, 1615890759, 91330, 10
R, 459, 1615890759 , 151840, 4 
S, 459, 1615890759, 841708, 10
R, 460, 1615890759 , 862733, 4 
S, 460, 1615890760, 592155, 10
R, 461, 1615890760 , 611681, 4 
S, 461, 1615890761, 342533, 10
R, 462, 1615890761 , 403861, 4 
S, 462, 1615890762, 92957, 10
R, 463, 1615890762 , 113498, 4 
S, 463, 1615890762, 843355, 10
R, 464, 1615890762 , 864296, 4 
S, 464, 1615890763, 593722, 10
R, 465, 1615890763 , 655890, 4 
S, 465, 1615890764, 344132, 10
R, 466, 1615890764 , 365128, 4 
S, 466, 1615890765, 94539, 10
S, 467, 1615890765, 844962, 10
S, 468, 1615890766, 595359, 10
R, 469, 1615890766 , 615761, 4 
S, 469, 1615890767, 345740, 10
R, 470, 1615890767 , 366679, 4 
S, 470, 1615890768, 96116, 10
R, 471, 1615890768 , 156273, 4 
S, 471, 1615890768, 846489, 10
R, 472, 1615890768 , 867280, 4 
S, 472, 1615890769, 596953, 10
R, 473, 1615890769 , 616883, 4 
S, 473, 1615890770, 347364, 10
R, 474, 1615890770 , 411697, 4 
S, 474, 1615890771, 97736, 10
R, 475, 1615890771 , 118680, 4 
S, 475, 1615890771, 848141, 10
S, 476, 1615890772, 598495, 10
R, 477, 1615890772 , 623086, 4 
S, 477, 1615890773, 348862, 10
R, 478, 1615890773 , 415915, 4 
S, 478, 1615890774, 99262, 10
R, 479, 1615890774 , 120494, 4 
S, 479, 1615890774, 849722, 10
R, 480, 1615890774 , 870071, 4 
S, 480, 1615890775, 600137, 10
R, 481, 1615890775 , 663569, 4 
S, 481, 1615890776, 350513, 10
R, 482, 1615890776 , 372521, 4 
S, 482, 1615890777, 100915, 10
R, 483, 1615890777 , 121540, 4 
S, 483, 1615890777, 851290, 10
R, 484, 1615890777 , 916336, 4 
S, 484, 1615890778, 601656, 10
R, 485, 1615890778 , 622696, 4 
S, 485, 1615890779, 352103, 10
R, 486, 1615890779 , 372614, 4 
S, 486, 1615890780, 102506, 10
R, 487, 1615890780 , 163655, 4 
S, 487, 1615890780, 852930, 10
R, 488, 1615890780 , 873320, 4 
S, 488, 1615890781, 603339, 10
R, 489, 1615890781 , 625435, 4 
S, 489, 1615890782, 353792, 10
R, 490, 1615890782 , 416368, 4 
S, 490, 1615890783, 104174, 10
R, 491, 1615890783 , 125294, 4 
S, 491, 1615890783, 854577, 10
R, 492, 1615890783 , 877010, 4 
S, 492, 1615890784, 604990, 10
R, 493, 1615890784 , 667925, 4 
S, 493, 1615890785, 355409, 10
S, 494, 1615890786, 105839, 10
R, 495, 1615890786 , 127125, 4 
S, 495, 1615890786, 856223, 10
R, 496, 1615890786 , 875451, 4 
S, 496, 1615890787, 606588, 10
R, 497, 1615890787 , 667686, 4 
S, 497, 1615890788, 356962, 10
S, 498, 1615890789, 107368, 10
S, 499, 1615890789, 857774, 10
R, 500, 1615890789 , 877080, 4 
