Type, Id paq, time stamp segundos, micro, long paq 
S, 0, 1615894528, 875640, 11
D, 0, 1615894529, 3548, 11 
R, 0, 1615894529 , 19080, 4 
S, 1, 1615894529, 826382, 11
D, 1, 1615894529, 953507, 11 
R, 1, 1615894529 , 968255, 4 
S, 2, 1615894530, 777073, 11
D, 2, 1615894530, 903489, 11 
R, 2, 1615894530 , 917592, 4 
S, 3, 1615894531, 727739, 11
D, 3, 1615894531, 853503, 11 
R, 3, 1615894531 , 867627, 4 
S, 4, 1615894532, 678411, 11
D, 4, 1615894532, 813506, 11 
R, 4, 1615894532 , 835621, 4 
S, 5, 1615894533, 629133, 11
D, 5, 1615894533, 753504, 11 
R, 5, 1615894533 , 768879, 4 
S, 6, 1615894534, 579892, 11
D, 6, 1615894534, 703506, 11 
R, 6, 1615894534 , 717987, 4 
S, 7, 1615894535, 530584, 11
D, 7, 1615894535, 623497, 11 
R, 8, 1615894535 , 681456, 4 
S, 8, 1615894536, 381164, 11
D, 8, 1615894536, 463440, 11 
R, 9, 1615894536 , 524998, 4 
S, 9, 1615894537, 231739, 11
D, 9, 1615894537, 313452, 11 
R, 10, 1615894537 , 369855, 4 
S, 10, 1615894538, 82307, 11
D, 10, 1615894538, 163625, 11 
R, 10, 1615894538 , 179104, 4 
S, 11, 1615894538, 932932, 11
D, 11, 1615894539, 23447, 11 
R, 12, 1615894539 , 38479, 4 
S, 12, 1615894539, 783562, 11
D, 12, 1615894539, 873449, 11 
R, 13, 1615894539 , 888207, 4 
S, 13, 1615894540, 634136, 11
D, 13, 1615894540, 713462, 11 
R, 13, 1615894540 , 729091, 4 
S, 14, 1615894541, 484714, 11
D, 14, 1615894541, 563459, 11 
R, 14, 1615894541 , 578301, 4 
S, 15, 1615894542, 335260, 11
D, 15, 1615894542, 413461, 11 
R, 15, 1615894542 , 427541, 4 
S, 16, 1615894543, 185831, 11
D, 16, 1615894543, 273592, 11 
R, 17, 1615894543 , 287806, 4 
S, 17, 1615894544, 36438, 11
D, 17, 1615894544, 123448, 11 
R, 18, 1615894544 , 137781, 4 
S, 18, 1615894544, 887011, 11
D, 18, 1615894544, 963449, 11 
R, 18, 1615894544 , 978583, 4 
S, 19, 1615894545, 737592, 11
D, 19, 1615894545, 823443, 11 
R, 20, 1615894545 , 839435, 4 
S, 20, 1615894546, 588151, 10
D, 20, 1615894546, 673441, 10 
R, 20, 1615894546 , 687502, 4 
S, 21, 1615894547, 438722, 10
D, 21, 1615894547, 523455, 10 
R, 21, 1615894547 , 537294, 4 
S, 22, 1615894548, 289282, 10
D, 22, 1615894548, 373458, 10 
R, 22, 1615894548 , 389075, 4 
S, 23, 1615894549, 139924, 10
D, 23, 1615894549, 223442, 10 
R, 24, 1615894549 , 247409, 4 
S, 24, 1615894549, 990528, 10
D, 24, 1615894550, 73454, 10 
R, 25, 1615894550 , 95867, 4 
S, 25, 1615894550, 841102, 10
D, 25, 1615894550, 923470, 10 
R, 25, 1615894550 , 938667, 4 
S, 26, 1615894551, 691677, 10
D, 26, 1615894551, 773456, 10 
R, 26, 1615894551 , 787996, 4 
S, 27, 1615894552, 542230, 10
D, 27, 1615894552, 623485, 10 
R, 27, 1615894552 , 638001, 4 
S, 28, 1615894553, 392794, 10
D, 28, 1615894553, 473460, 10 
R, 28, 1615894553 , 488448, 4 
S, 29, 1615894554, 243443, 10
D, 29, 1615894554, 333452, 10 
R, 30, 1615894554 , 347406, 4 
S, 30, 1615894555, 94019, 10
D, 30, 1615894555, 183448, 10 
R, 31, 1615894555 , 198523, 4 
S, 31, 1615894555, 944601, 10
D, 31, 1615894556, 33448, 10 
R, 32, 1615894556 , 48205, 4 
S, 32, 1615894556, 795160, 10
D, 32, 1615894556, 873458, 10 
R, 32, 1615894556 , 889726, 4 
S, 33, 1615894557, 645724, 10
D, 33, 1615894557, 733449, 10 
R, 34, 1615894557 , 748583, 4 
S, 34, 1615894558, 496286, 10
D, 34, 1615894558, 573451, 10 
R, 34, 1615894558 , 589443, 4 
S, 35, 1615894559, 346948, 10
D, 35, 1615894559, 433448, 10 
R, 36, 1615894559 , 448264, 4 
S, 36, 1615894560, 197542, 10
D, 36, 1615894560, 283449, 10 
R, 36, 1615894560 , 298016, 4 
S, 37, 1615894561, 48122, 10
D, 37, 1615894561, 133524, 10 
R, 37, 1615894561 , 148697, 4 
S, 38, 1615894561, 898786, 10
D, 38, 1615894561, 983471, 10 
R, 38, 1615894561 , 997302, 4 
S, 39, 1615894562, 749346, 10
D, 39, 1615894562, 833428, 10 
R, 39, 1615894562 , 849097, 4 
S, 40, 1615894563, 599898, 10
D, 40, 1615894563, 693460, 10 
R, 41, 1615894563 , 710639, 4 
S, 41, 1615894564, 450564, 10
D, 41, 1615894564, 533446, 10 
R, 41, 1615894564 , 547701, 4 
S, 42, 1615894565, 301138, 10
D, 42, 1615894565, 383458, 10 
R, 42, 1615894565 , 398070, 4 
S, 43, 1615894566, 151719, 10
D, 43, 1615894566, 243449, 10 
R, 44, 1615894566 , 257661, 4 
S, 44, 1615894567, 2281, 10
D, 44, 1615894567, 83459, 10 
R, 44, 1615894567 , 97980, 4 
S, 45, 1615894567, 852828, 10
D, 45, 1615894567, 933442, 10 
R, 45, 1615894567 , 947776, 4 
S, 46, 1615894568, 703407, 10
D, 46, 1615894568, 783462, 10 
R, 46, 1615894568 , 797662, 4 
S, 47, 1615894569, 554015, 10
D, 47, 1615894569, 633434, 10 
R, 47, 1615894569 , 648938, 4 
S, 48, 1615894570, 404600, 10
D, 48, 1615894570, 483448, 10 
R, 48, 1615894570 , 498012, 4 
S, 49, 1615894571, 255172, 10
D, 49, 1615894571, 333470, 10 
R, 49, 1615894571 , 348697, 4 
S, 50, 1615894572, 105734, 10
D, 50, 1615894572, 183453, 10 
R, 50, 1615894572 , 197264, 4 
S, 51, 1615894572, 956289, 10
D, 51, 1615894573, 33443, 10 
R, 51, 1615894573 , 48381, 4 
S, 52, 1615894573, 806853, 10
D, 52, 1615894573, 893447, 10 
R, 53, 1615894573 , 907923, 4 
S, 53, 1615894574, 657504, 10
D, 53, 1615894574, 763457, 10 
R, 53, 1615894574 , 782397, 4 
S, 54, 1615894575, 608224, 10
D, 54, 1615894575, 693464, 10 
R, 54, 1615894575 , 707712, 4 
S, 55, 1615894576, 458788, 10
D, 55, 1615894576, 543456, 10 
R, 56, 1615894576 , 559667, 4 
S, 56, 1615894577, 309346, 10
D, 56, 1615894577, 393461, 10 
R, 56, 1615894577 , 409505, 4 
S, 57, 1615894578, 159906, 10
D, 57, 1615894578, 243439, 10 
R, 57, 1615894578 , 258232, 4 
S, 58, 1615894579, 10493, 10
D, 58, 1615894579, 103462, 10 
R, 59, 1615894579 , 117960, 4 
S, 59, 1615894579, 861097, 10
D, 59, 1615894579, 943461, 10 
R, 59, 1615894579 , 958898, 4 
S, 60, 1615894580, 711653, 10
D, 60, 1615894580, 793443, 10 
R, 60, 1615894580 , 809279, 4 
S, 61, 1615894581, 562223, 10
D, 61, 1615894581, 643436, 10 
R, 61, 1615894581 , 659939, 4 
S, 62, 1615894582, 412785, 10
D, 62, 1615894582, 493444, 10 
R, 62, 1615894582 , 508009, 4 
S, 63, 1615894583, 263349, 10
D, 63, 1615894583, 353525, 10 
R, 64, 1615894583 , 367534, 4 
S, 64, 1615894584, 113920, 10
D, 64, 1615894584, 203444, 10 
R, 65, 1615894584 , 218630, 4 
S, 65, 1615894584, 964510, 10
D, 65, 1615894585, 43436, 10 
R, 65, 1615894585 , 58819, 4 
S, 66, 1615894585, 815079, 10
D, 66, 1615894585, 903457, 10 
R, 67, 1615894585 , 918954, 4 
S, 67, 1615894586, 665640, 10
D, 67, 1615894586, 753439, 10 
R, 68, 1615894586 , 770702, 4 
S, 68, 1615894587, 516205, 10
D, 68, 1615894587, 593454, 10 
R, 68, 1615894587 , 608335, 4 
S, 69, 1615894588, 366772, 10
D, 69, 1615894588, 453458, 10 
R, 70, 1615894588 , 469815, 4 
S, 70, 1615894589, 217429, 10
D, 70, 1615894589, 293456, 10 
R, 70, 1615894589 , 307349, 4 
S, 71, 1615894590, 68014, 10
D, 71, 1615894590, 153455, 10 
R, 72, 1615894590 , 169071, 4 
S, 72, 1615894590, 919111, 10
D, 72, 1615894591, 3446, 10 
R, 72, 1615894591 , 18645, 4 
S, 73, 1615894591, 769688, 10
D, 73, 1615894591, 853449, 10 
R, 73, 1615894591 , 868572, 4 
S, 74, 1615894592, 620250, 10
D, 74, 1615894592, 703473, 10 
R, 74, 1615894592 , 717737, 4 
S, 75, 1615894593, 470828, 10
D, 75, 1615894593, 553455, 10 
R, 75, 1615894593 , 568390, 4 
S, 76, 1615894594, 321478, 10
D, 76, 1615894594, 403449, 10 
R, 76, 1615894594 , 418140, 4 
S, 77, 1615894595, 172077, 10
D, 77, 1615894595, 253453, 10 
R, 77, 1615894595 , 269358, 4 
S, 78, 1615894596, 22638, 10
D, 78, 1615894596, 123631, 10 
R, 78, 1615894596 , 137847, 4 
S, 79, 1615894596, 973627, 10
D, 79, 1615894597, 53441, 10 
R, 79, 1615894597 , 69180, 4 
S, 80, 1615894597, 824201, 10
D, 80, 1615894597, 913454, 10 
R, 81, 1615894597 , 929933, 4 
S, 81, 1615894598, 674775, 10
D, 81, 1615894598, 753454, 10 
R, 81, 1615894598 , 768149, 4 
S, 82, 1615894599, 525435, 10
D, 82, 1615894599, 603446, 10 
R, 82, 1615894599 , 618603, 4 
S, 83, 1615894600, 376003, 10
D, 83, 1615894600, 463463, 10 
R, 84, 1615894600 , 478861, 4 
S, 84, 1615894601, 226565, 10
D, 84, 1615894601, 303441, 10 
R, 84, 1615894601 , 317122, 4 
S, 85, 1615894602, 77159, 10
D, 85, 1615894602, 163449, 10 
R, 86, 1615894602 , 178626, 4 
S, 86, 1615894602, 927732, 10
D, 86, 1615894603, 13452, 10 
R, 87, 1615894603 , 28427, 4 
S, 87, 1615894603, 778462, 10
D, 87, 1615894603, 863465, 10 
R, 87, 1615894603 , 878909, 4 
S, 88, 1615894604, 629311, 10
D, 88, 1615894604, 713445, 10 
R, 89, 1615894604 , 731948, 4 
S, 89, 1615894605, 479895, 10
D, 89, 1615894605, 573475, 10 
R, 90, 1615894605 , 590229, 4 
S, 90, 1615894606, 330470, 10
D, 90, 1615894606, 413449, 10 
R, 90, 1615894606 , 429008, 4 
S, 91, 1615894607, 181055, 10
D, 91, 1615894607, 263454, 10 
R, 91, 1615894607 , 279447, 4 
S, 92, 1615894608, 31630, 10
D, 92, 1615894608, 123452, 10 
R, 93, 1615894608 , 138341, 4 
S, 93, 1615894608, 882204, 10
D, 93, 1615894608, 963457, 10 
R, 93, 1615894608 , 978526, 4 
S, 94, 1615894609, 732900, 10
D, 94, 1615894609, 813476, 10 
R, 94, 1615894609 , 828401, 4 
S, 95, 1615894610, 583458, 10
D, 95, 1615894610, 663548, 10 
R, 95, 1615894610 , 678278, 4 
S, 96, 1615894611, 434020, 10
D, 96, 1615894611, 513451, 10 
R, 96, 1615894611 , 526902, 4 
S, 97, 1615894612, 284597, 10
D, 97, 1615894612, 363462, 10 
R, 97, 1615894612 , 378164, 4 
S, 98, 1615894613, 135161, 10
D, 98, 1615894613, 223475, 10 
R, 99, 1615894613 , 248051, 4 
S, 99, 1615894613, 985742, 10
D, 99, 1615894614, 63467, 10 
R, 99, 1615894614 , 78560, 4 
S, 100, 1615894614, 836391, 10
D, 100, 1615894614, 923445, 10 
R, 101, 1615894614 , 938044, 4 
S, 101, 1615894615, 686946, 10
D, 101, 1615894615, 773449, 10 
R, 102, 1615894615 , 791662, 4 
S, 102, 1615894616, 537520, 10
D, 102, 1615894616, 623488, 10 
R, 103, 1615894616 , 642166, 4 
S, 103, 1615894617, 388101, 10
D, 103, 1615894617, 473456, 10 
R, 104, 1615894617 , 488761, 4 
S, 104, 1615894618, 238809, 10
D, 104, 1615894618, 323582, 10 
R, 104, 1615894618 , 338574, 4 
S, 105, 1615894619, 89386, 10
D, 105, 1615894619, 173467, 10 
R, 105, 1615894619 , 188454, 4 
S, 106, 1615894619, 939988, 10
D, 106, 1615894620, 23469, 10 
R, 106, 1615894620 , 40210, 4 
S, 107, 1615894620, 790601, 10
D, 107, 1615894620, 873449, 10 
R, 108, 1615894620 , 897299, 4 
S, 108, 1615894621, 641185, 10
D, 108, 1615894621, 723446, 10 
R, 108, 1615894621 , 739984, 4 
S, 109, 1615894622, 491829, 10
D, 109, 1615894622, 583432, 10 
R, 110, 1615894622 , 599516, 4 
S, 110, 1615894623, 342386, 10
D, 110, 1615894623, 423488, 10 
R, 110, 1615894623 , 438313, 4 
S, 111, 1615894624, 193076, 10
D, 111, 1615894624, 273455, 10 
R, 111, 1615894624 , 290094, 4 
S, 112, 1615894625, 43653, 10
D, 112, 1615894625, 123448, 10 
R, 112, 1615894625 , 138027, 4 
S, 113, 1615894625, 894210, 10
D, 113, 1615894625, 973455, 10 
R, 113, 1615894625 , 988557, 4 
S, 114, 1615894626, 744798, 10
D, 114, 1615894626, 833425, 10 
R, 115, 1615894626 , 848578, 4 
S, 115, 1615894627, 595386, 10
D, 115, 1615894627, 673436, 10 
R, 115, 1615894627 , 687660, 4 
S, 116, 1615894628, 445958, 10
D, 116, 1615894628, 533498, 10 
R, 117, 1615894628 , 548533, 4 
S, 117, 1615894629, 296587, 10
D, 117, 1615894629, 373459, 10 
R, 117, 1615894629 , 388013, 4 
S, 118, 1615894630, 147213, 10
D, 118, 1615894630, 223474, 10 
R, 118, 1615894630 , 237877, 4 
S, 119, 1615894630, 997819, 10
D, 119, 1615894631, 83451, 10 
R, 119, 1615894631 , 98253, 4 
S, 120, 1615894631, 848604, 10
D, 120, 1615894631, 933466, 10 
R, 120, 1615894631 , 948017, 4 
S, 121, 1615894632, 699182, 10
D, 121, 1615894632, 783445, 10 
R, 121, 1615894632 , 798473, 4 
S, 122, 1615894633, 549774, 10
D, 122, 1615894633, 633463, 10 
R, 122, 1615894633 , 649018, 4 
S, 123, 1615894634, 400345, 10
D, 123, 1615894634, 483590, 10 
R, 123, 1615894634 , 498179, 4 
S, 124, 1615894635, 250913, 10
D, 124, 1615894635, 333455, 10 
R, 124, 1615894635 , 348654, 4 
S, 125, 1615894636, 101484, 10
D, 125, 1615894636, 183452, 10 
R, 125, 1615894636 , 198729, 4 
