Type, Id paq, time stamp segundos, micro, long paq 
S, 0, 1615894100, 417893, 11
R, 0, 1615894100 , 441485, 4 
D, 0, 1615894100, 441948, 11 
S, 1, 1615894101, 268501, 11
R, 1, 1615894101 , 333362, 4 
D, 1, 1615894101, 333750, 11 
S, 2, 1615894102, 119087, 11
R, 2, 1615894102 , 183342, 4 
D, 2, 1615894102, 183727, 11 
S, 3, 1615894102, 969708, 11
R, 3, 1615894103 , 33377, 4 
D, 3, 1615894103, 33745, 11 
S, 4, 1615894103, 820329, 11
R, 4, 1615894103 , 883296, 4 
D, 4, 1615894103, 883669, 11 
S, 5, 1615894104, 670902, 11
R, 5, 1615894104 , 733367, 4 
D, 5, 1615894104, 733733, 11 
S, 6, 1615894105, 521474, 11
R, 6, 1615894105 , 583284, 4 
D, 6, 1615894105, 583656, 11 
S, 7, 1615894106, 372010, 11
R, 7, 1615894106 , 433511, 4 
D, 7, 1615894106, 433954, 11 
S, 8, 1615894107, 222573, 11
R, 8, 1615894107 , 293374, 4 
D, 8, 1615894107, 293751, 11 
S, 9, 1615894108, 73239, 11
R, 9, 1615894108 , 143374, 4 
D, 9, 1615894108, 143737, 11 
S, 10, 1615894108, 923866, 11
R, 10, 1615894108 , 993366, 4 
D, 10, 1615894108, 993728, 11 
S, 11, 1615894109, 774442, 11
R, 11, 1615894109 , 843527, 4 
D, 11, 1615894109, 843893, 11 
S, 12, 1615894110, 625011, 11
R, 12, 1615894110 , 693355, 4 
D, 12, 1615894110, 693716, 11 
S, 13, 1615894111, 475578, 11
R, 13, 1615894111 , 543545, 4 
D, 13, 1615894111, 543935, 11 
S, 14, 1615894112, 326145, 11
R, 14, 1615894112 , 393395, 4 
D, 14, 1615894112, 393773, 11 
S, 15, 1615894113, 176779, 11
R, 15, 1615894113 , 243379, 4 
D, 15, 1615894113, 243749, 11 
S, 16, 1615894114, 27414, 11
R, 16, 1615894114 , 93365, 4 
D, 16, 1615894114, 93718, 11 
S, 17, 1615894114, 877999, 11
R, 17, 1615894114 , 943539, 4 
D, 17, 1615894114, 943899, 11 
S, 18, 1615894115, 728558, 11
R, 18, 1615894115 , 793352, 4 
D, 18, 1615894115, 793705, 11 
S, 19, 1615894116, 579120, 11
R, 19, 1615894116 , 643316, 4 
D, 19, 1615894116, 643824, 11 
S, 20, 1615894117, 429685, 11
R, 20, 1615894117 , 493319, 4 
D, 20, 1615894117, 493684, 11 
S, 21, 1615894118, 280308, 11
R, 21, 1615894118 , 343309, 4 
D, 21, 1615894118, 343672, 11 
S, 22, 1615894119, 130931, 11
R, 22, 1615894119 , 193315, 4 
D, 22, 1615894119, 193672, 11 
S, 23, 1615894119, 981528, 11
R, 23, 1615894120 , 43517, 4 
D, 23, 1615894120, 43879, 11 
S, 24, 1615894120, 832098, 11
R, 24, 1615894120 , 903307, 4 
D, 24, 1615894120, 903657, 11 
S, 25, 1615894121, 682683, 11
R, 25, 1615894121 , 753529, 4 
D, 25, 1615894121, 753926, 11 
S, 26, 1615894122, 533288, 11
R, 26, 1615894122 , 603322, 4 
D, 26, 1615894122, 603694, 11 
S, 27, 1615894123, 383916, 11
R, 27, 1615894123 , 453570, 4 
D, 27, 1615894123, 453943, 11 
S, 28, 1615894124, 234540, 11
R, 28, 1615894124 , 303366, 4 
D, 28, 1615894124, 303724, 11 
S, 29, 1615894125, 85104, 11
R, 29, 1615894125 , 153362, 4 
D, 29, 1615894125, 153717, 11 
S, 30, 1615894125, 935682, 11
R, 30, 1615894126 , 13371, 4 
D, 30, 1615894126, 13732, 11 
S, 31, 1615894126, 786241, 11
R, 31, 1615894126 , 853388, 4 
D, 31, 1615894126, 853855, 11 
S, 32, 1615894127, 636802, 11
R, 32, 1615894127 , 703350, 4 
D, 32, 1615894127, 703723, 11 
S, 33, 1615894128, 487431, 11
R, 33, 1615894128 , 553553, 4 
D, 33, 1615894128, 553928, 11 
S, 34, 1615894129, 337998, 11
R, 34, 1615894129 , 403363, 4 
D, 34, 1615894129, 403723, 11 
S, 35, 1615894130, 188576, 11
R, 35, 1615894130 , 253391, 4 
D, 35, 1615894130, 253759, 11 
S, 36, 1615894131, 39145, 11
R, 36, 1615894131 , 103357, 4 
D, 36, 1615894131, 103715, 11 
S, 37, 1615894131, 889717, 11
R, 37, 1615894131 , 953362, 4 
D, 37, 1615894131, 953856, 11 
S, 38, 1615894132, 740273, 11
R, 38, 1615894132 , 803326, 4 
D, 38, 1615894132, 803851, 11 
S, 39, 1615894133, 590903, 11
R, 39, 1615894133 , 663323, 4 
D, 39, 1615894133, 663785, 11 
S, 40, 1615894134, 441532, 11
R, 40, 1615894134 , 503322, 4 
D, 40, 1615894134, 503824, 11 
S, 41, 1615894135, 292146, 11
R, 41, 1615894135 , 363321, 4 
D, 41, 1615894135, 363793, 11 
S, 42, 1615894136, 142717, 11
R, 42, 1615894136 , 213399, 4 
D, 42, 1615894136, 213902, 11 
S, 43, 1615894136, 993331, 11
R, 43, 1615894137 , 63359, 4 
D, 43, 1615894137, 63867, 11 
S, 44, 1615894137, 843877, 11
R, 44, 1615894137 , 913414, 4 
D, 44, 1615894137, 914081, 11 
S, 45, 1615894138, 694516, 11
R, 45, 1615894138 , 763409, 4 
D, 45, 1615894138, 763944, 11 
S, 46, 1615894139, 545121, 11
R, 46, 1615894139 , 623431, 4 
D, 46, 1615894139, 623916, 11 
S, 47, 1615894140, 395702, 11
R, 47, 1615894140 , 463408, 4 
D, 47, 1615894140, 463893, 11 
S, 48, 1615894141, 246265, 11
R, 48, 1615894141 , 313443, 4 
D, 48, 1615894141, 313950, 11 
S, 49, 1615894142, 96912, 11
R, 49, 1615894142 , 163377, 4 
D, 49, 1615894142, 163834, 11 
S, 50, 1615894142, 947486, 11
R, 50, 1615894143 , 13526, 4 
D, 50, 1615894143, 14026, 11 
S, 51, 1615894143, 798090, 11
R, 51, 1615894143 , 873406, 4 
D, 51, 1615894143, 873869, 11 
S, 52, 1615894144, 648664, 11
R, 52, 1615894144 , 713434, 4 
D, 52, 1615894144, 713901, 11 
S, 53, 1615894145, 499229, 11
R, 53, 1615894145 , 573506, 4 
D, 53, 1615894145, 573989, 11 
S, 54, 1615894146, 349789, 11
R, 54, 1615894146 , 413346, 4 
D, 54, 1615894146, 413802, 11 
S, 55, 1615894147, 200330, 11
R, 55, 1615894147 , 225723, 4 
D, 55, 1615894147, 226256, 11 
S, 56, 1615894148, 50898, 11
R, 56, 1615894148 , 113438, 4 
D, 56, 1615894148, 113929, 11 
S, 57, 1615894148, 901531, 11
R, 57, 1615894148 , 973463, 4 
D, 57, 1615894148, 974006, 11 
S, 58, 1615894149, 752123, 11
R, 58, 1615894149 , 823392, 4 
D, 58, 1615894149, 823970, 11 
S, 59, 1615894150, 602685, 11
R, 59, 1615894150 , 673390, 4 
D, 59, 1615894150, 673877, 11 
S, 60, 1615894151, 453313, 11
R, 60, 1615894151 , 523398, 4 
D, 60, 1615894151, 523805, 11 
S, 61, 1615894152, 303891, 11
R, 61, 1615894152 , 373486, 4 
D, 61, 1615894152, 373932, 11 
S, 62, 1615894153, 154515, 11
R, 62, 1615894153 , 223413, 4 
D, 62, 1615894153, 223837, 11 
S, 63, 1615894154, 5141, 11
R, 63, 1615894154 , 73393, 4 
D, 63, 1615894154, 73806, 11 
S, 64, 1615894154, 855715, 11
R, 64, 1615894154 , 923327, 4 
D, 64, 1615894154, 923757, 11 
S, 65, 1615894155, 706322, 11
R, 65, 1615894155 , 773476, 4 
D, 65, 1615894155, 773953, 11 
S, 66, 1615894156, 556890, 11
R, 66, 1615894156 , 623461, 4 
D, 66, 1615894156, 623939, 11 
S, 67, 1615894157, 407476, 11
R, 67, 1615894157 , 473346, 4 
D, 67, 1615894157, 473771, 11 
S, 68, 1615894158, 258111, 11
R, 68, 1615894158 , 323415, 4 
D, 68, 1615894158, 323839, 11 
S, 69, 1615894159, 108726, 11
R, 69, 1615894159 , 173461, 4 
D, 69, 1615894159, 173890, 11 
S, 70, 1615894159, 959283, 11
R, 70, 1615894160 , 23409, 4 
D, 70, 1615894160, 23815, 11 
S, 71, 1615894160, 809853, 11
R, 71, 1615894160 , 873398, 4 
D, 71, 1615894160, 873813, 11 
S, 72, 1615894161, 660424, 11
R, 72, 1615894161 , 723382, 4 
D, 72, 1615894161, 723840, 11 
S, 73, 1615894162, 510985, 11
R, 73, 1615894162 , 573494, 4 
D, 73, 1615894162, 573995, 11 
S, 74, 1615894163, 361607, 11
R, 74, 1615894163 , 433401, 4 
D, 74, 1615894163, 433826, 11 
S, 75, 1615894164, 212231, 11
R, 75, 1615894164 , 273312, 4 
D, 75, 1615894164, 273727, 11 
S, 76, 1615894165, 62788, 11
R, 76, 1615894165 , 133457, 4 
D, 76, 1615894165, 133920, 11 
S, 77, 1615894165, 913380, 11
R, 77, 1615894165 , 983436, 4 
D, 77, 1615894165, 983846, 11 
S, 78, 1615894166, 763946, 11
R, 78, 1615894166 , 833401, 4 
D, 78, 1615894166, 833830, 11 
S, 79, 1615894167, 614506, 11
R, 79, 1615894167 , 683343, 4 
D, 79, 1615894167, 683803, 11 
S, 80, 1615894168, 465141, 11
R, 80, 1615894168 , 533349, 4 
D, 80, 1615894168, 533785, 11 
S, 81, 1615894169, 315704, 11
R, 81, 1615894169 , 383433, 4 
D, 81, 1615894169, 383889, 11 
S, 82, 1615894170, 166262, 11
R, 82, 1615894170 , 233424, 4 
D, 82, 1615894170, 233770, 11 
S, 83, 1615894171, 16884, 11
R, 83, 1615894171 , 83416, 4 
D, 83, 1615894171, 83923, 11 
S, 84, 1615894171, 867449, 11
R, 84, 1615894171 , 933440, 4 
D, 84, 1615894171, 933769, 11 
S, 85, 1615894172, 718014, 11
R, 85, 1615894172 , 783403, 4 
D, 85, 1615894172, 783938, 11 
S, 86, 1615894173, 568584, 11
R, 86, 1615894173 , 633349, 4 
D, 86, 1615894173, 633711, 11 
S, 87, 1615894174, 419209, 11
R, 87, 1615894174 , 493472, 4 
D, 87, 1615894174, 494009, 11 
S, 88, 1615894175, 269785, 11
R, 88, 1615894175 , 333459, 4 
D, 88, 1615894175, 333788, 11 
S, 89, 1615894176, 120345, 11
R, 89, 1615894176 , 183327, 4 
D, 89, 1615894176, 183753, 11 
S, 90, 1615894176, 970909, 11
R, 90, 1615894177 , 43402, 4 
D, 90, 1615894177, 43883, 11 
S, 91, 1615894177, 821503, 11
R, 91, 1615894177 , 893507, 4 
D, 91, 1615894177, 894009, 11 
S, 92, 1615894178, 672184, 11
R, 92, 1615894178 , 743424, 4 
D, 92, 1615894178, 743968, 11 
S, 93, 1615894179, 522803, 11
R, 93, 1615894179 , 593403, 4 
D, 93, 1615894179, 593731, 11 
S, 94, 1615894180, 373370, 11
R, 94, 1615894180 , 443437, 4 
D, 94, 1615894180, 443922, 11 
S, 95, 1615894181, 223926, 11
R, 95, 1615894181 , 293416, 4 
D, 95, 1615894181, 293928, 11 
S, 96, 1615894182, 74496, 11
R, 96, 1615894182 , 143347, 4 
D, 96, 1615894182, 143682, 11 
S, 97, 1615894182, 925058, 11
R, 97, 1615894182 , 993341, 4 
D, 97, 1615894182, 993845, 11 
S, 98, 1615894183, 775677, 11
R, 98, 1615894183 , 843414, 4 
D, 98, 1615894183, 843759, 11 
S, 99, 1615894184, 626269, 11
R, 99, 1615894184 , 693476, 4 
D, 99, 1615894184, 693998, 11 
S, 100, 1615894185, 476858, 11
R, 100, 1615894185 , 543411, 4 
D, 100, 1615894185, 543891, 11 
S, 101, 1615894186, 327408, 11
R, 101, 1615894186 , 393414, 4 
D, 101, 1615894186, 393894, 11 
S, 102, 1615894187, 177977, 11
R, 102, 1615894187 , 243321, 4 
D, 102, 1615894187, 243646, 11 
S, 103, 1615894188, 28533, 11
R, 103, 1615894188 , 93508, 4 
D, 103, 1615894188, 94004, 11 
S, 104, 1615894188, 879180, 11
R, 104, 1615894188 , 943404, 4 
D, 104, 1615894188, 943729, 11 
S, 105, 1615894189, 729769, 11
R, 105, 1615894189 , 793423, 4 
D, 105, 1615894189, 793946, 11 
S, 106, 1615894190, 580327, 11
R, 106, 1615894190 , 643408, 4 
D, 106, 1615894190, 643758, 11 
S, 107, 1615894191, 430908, 11
R, 107, 1615894191 , 493469, 4 
D, 107, 1615894191, 493952, 11 
S, 108, 1615894192, 281472, 11
R, 108, 1615894192 , 353439, 4 
D, 108, 1615894192, 353790, 11 
S, 109, 1615894193, 132033, 11
R, 109, 1615894193 , 203441, 4 
D, 109, 1615894193, 203778, 11 
S, 110, 1615894193, 982661, 11
R, 110, 1615894194 , 53467, 4 
D, 110, 1615894194, 53947, 11 
S, 111, 1615894194, 833285, 11
R, 111, 1615894194 , 903324, 4 
D, 111, 1615894194, 903651, 11 
S, 112, 1615894195, 683851, 11
R, 112, 1615894195 , 753449, 4 
D, 112, 1615894195, 753990, 11 
S, 113, 1615894196, 534416, 11
R, 113, 1615894196 , 613413, 4 
D, 113, 1615894196, 613763, 11 
S, 114, 1615894197, 384995, 11
R, 114, 1615894197 , 453479, 4 
D, 114, 1615894197, 453975, 11 
S, 115, 1615894198, 235609, 11
R, 115, 1615894198 , 303447, 4 
D, 115, 1615894198, 303961, 11 
S, 116, 1615894199, 86226, 11
R, 116, 1615894199 , 153430, 4 
D, 116, 1615894199, 153754, 11 
S, 117, 1615894199, 936791, 11
R, 117, 1615894200 , 3422, 4 
D, 117, 1615894200, 3896, 11 
S, 118, 1615894200, 787389, 11
R, 118, 1615894200 , 853352, 4 
D, 118, 1615894200, 853716, 11 
S, 119, 1615894201, 637963, 11
R, 119, 1615894201 , 703438, 4 
D, 119, 1615894201, 704009, 11 
S, 120, 1615894202, 488607, 11
R, 120, 1615894202 , 553423, 4 
D, 120, 1615894202, 553910, 11 
S, 121, 1615894203, 339215, 11
R, 121, 1615894203 , 403714, 4 
D, 121, 1615894203, 404383, 11 
S, 122, 1615894204, 189869, 11
R, 122, 1615894204 , 253458, 4 
D, 122, 1615894204, 253783, 11 
S, 123, 1615894205, 40439, 11
R, 123, 1615894205 , 103412, 4 
D, 123, 1615894205, 103932, 11 
S, 124, 1615894205, 891052, 11
R, 124, 1615894205 , 953343, 4 
D, 124, 1615894205, 953842, 11 
S, 125, 1615894206, 741618, 11
R, 125, 1615894206 , 813414, 4 
D, 125, 1615894206, 813768, 11 
S, 126, 1615894207, 592186, 11
R, 126, 1615894207 , 663445, 4 
D, 126, 1615894207, 663979, 11 
S, 127, 1615894208, 442804, 11
R, 127, 1615894208 , 513466, 4 
D, 127, 1615894208, 513978, 11 
S, 128, 1615894209, 293417, 11
R, 128, 1615894209 , 363412, 4 
D, 128, 1615894209, 363742, 11 
S, 129, 1615894210, 143999, 11
R, 129, 1615894210 , 213455, 4 
D, 129, 1615894210, 213930, 11 
S, 130, 1615894210, 994570, 11
R, 130, 1615894211 , 63338, 4 
D, 130, 1615894211, 63840, 11 
S, 131, 1615894211, 845127, 11
R, 131, 1615894211 , 913411, 4 
D, 131, 1615894211, 913744, 11 
S, 132, 1615894212, 695691, 11
R, 132, 1615894212 , 763409, 4 
D, 132, 1615894212, 763932, 11 
S, 133, 1615894213, 546268, 11
R, 133, 1615894213 , 613467, 4 
D, 133, 1615894213, 613823, 11 
S, 134, 1615894214, 396894, 11
R, 134, 1615894214 , 463415, 4 
D, 134, 1615894214, 463901, 11 
S, 135, 1615894215, 247453, 11
R, 135, 1615894215 , 313413, 4 
D, 135, 1615894215, 313746, 11 
S, 136, 1615894216, 98036, 11
R, 136, 1615894216 , 163423, 4 
D, 136, 1615894216, 163904, 11 
S, 137, 1615894216, 948598, 11
R, 137, 1615894217 , 13437, 4 
D, 137, 1615894217, 13759, 11 
S, 138, 1615894217, 799167, 11
R, 138, 1615894217 , 873355, 4 
D, 138, 1615894217, 873863, 11 
S, 139, 1615894218, 649792, 11
R, 139, 1615894218 , 713429, 4 
D, 139, 1615894218, 713935, 11 
S, 140, 1615894219, 500420, 11
R, 140, 1615894219 , 563428, 4 
D, 140, 1615894219, 563930, 11 
S, 141, 1615894220, 351005, 11
R, 141, 1615894220 , 413411, 4 
D, 141, 1615894220, 413925, 11 
S, 142, 1615894221, 201576, 11
R, 142, 1615894221 , 273421, 4 
D, 142, 1615894221, 273749, 11 
S, 143, 1615894222, 52136, 11
R, 143, 1615894222 , 123410, 4 
D, 143, 1615894222, 123884, 11 
S, 144, 1615894222, 902699, 11
R, 144, 1615894222 , 973458, 4 
D, 144, 1615894222, 973791, 11 
S, 145, 1615894223, 753375, 11
R, 145, 1615894223 , 823344, 4 
D, 145, 1615894223, 823848, 11 
S, 146, 1615894224, 603985, 11
R, 146, 1615894224 , 673334, 4 
D, 146, 1615894224, 673853, 11 
S, 147, 1615894225, 454560, 11
R, 147, 1615894225 , 523406, 4 
D, 147, 1615894225, 523759, 11 
S, 148, 1615894226, 305136, 11
R, 148, 1615894226 , 373456, 4 
D, 148, 1615894226, 373930, 11 
S, 149, 1615894227, 155702, 11
R, 149, 1615894227 , 223417, 4 
D, 149, 1615894227, 223741, 11 
S, 150, 1615894228, 6250, 11
R, 150, 1615894228 , 73519, 4 
D, 150, 1615894228, 74179, 11 
S, 151, 1615894228, 856862, 11
R, 151, 1615894228 , 923441, 4 
D, 151, 1615894228, 923938, 11 
S, 152, 1615894229, 707445, 11
R, 152, 1615894229 , 773469, 4 
D, 152, 1615894229, 773971, 11 
S, 153, 1615894230, 557999, 11
R, 153, 1615894230 , 623414, 4 
D, 153, 1615894230, 623752, 11 
S, 154, 1615894231, 408561, 11
R, 154, 1615894231 , 473398, 4 
D, 154, 1615894231, 473746, 11 
S, 155, 1615894232, 259137, 11
R, 155, 1615894232 , 323343, 4 
D, 155, 1615894232, 323838, 11 
S, 156, 1615894233, 109697, 11
R, 156, 1615894233 , 173484, 4 
D, 156, 1615894233, 173826, 11 
S, 157, 1615894233, 960332, 11
R, 157, 1615894234 , 23327, 4 
D, 157, 1615894234, 23663, 11 
S, 158, 1615894234, 810898, 11
R, 158, 1615894234 , 873417, 4 
D, 158, 1615894234, 873897, 11 
S, 159, 1615894235, 661457, 11
R, 159, 1615894235 , 733352, 4 
D, 159, 1615894235, 733705, 11 
S, 160, 1615894236, 512039, 11
R, 160, 1615894236 , 583435, 4 
D, 160, 1615894236, 583939, 11 
S, 161, 1615894237, 362614, 11
R, 161, 1615894237 , 433344, 4 
D, 161, 1615894237, 433878, 11 
S, 162, 1615894238, 213307, 11
R, 162, 1615894238 , 283440, 4 
D, 162, 1615894238, 283773, 11 
S, 163, 1615894239, 63934, 11
R, 163, 1615894239 , 133444, 4 
D, 163, 1615894239, 133929, 11 
S, 164, 1615894239, 914506, 11
R, 164, 1615894239 , 983423, 4 
D, 164, 1615894239, 983746, 11 
S, 165, 1615894240, 765063, 11
R, 165, 1615894240 , 833425, 4 
D, 165, 1615894240, 833955, 11 
S, 166, 1615894241, 615658, 11
R, 166, 1615894241 , 683409, 4 
D, 166, 1615894241, 683735, 11 
S, 167, 1615894242, 466234, 11
R, 167, 1615894242 , 543365, 4 
D, 167, 1615894242, 543715, 11 
S, 168, 1615894243, 316846, 11
R, 168, 1615894243 , 383451, 4 
D, 168, 1615894243, 383810, 11 
S, 169, 1615894244, 167477, 11
R, 169, 1615894244 , 233410, 4 
D, 169, 1615894244, 233734, 11 
S, 170, 1615894245, 18045, 11
R, 170, 1615894245 , 83437, 4 
D, 170, 1615894245, 83929, 11 
S, 171, 1615894245, 868612, 11
R, 171, 1615894245 , 933344, 4 
D, 171, 1615894245, 933695, 11 
S, 172, 1615894246, 719183, 11
R, 172, 1615894246 , 793392, 4 
D, 172, 1615894246, 793879, 11 
S, 173, 1615894247, 569735, 11
R, 173, 1615894247 , 633438, 4 
D, 173, 1615894247, 633948, 11 
S, 174, 1615894248, 420361, 11
R, 174, 1615894248 , 483323, 4 
D, 174, 1615894248, 483678, 11 
S, 175, 1615894249, 270979, 11
R, 175, 1615894249 , 343436, 4 
D, 175, 1615894249, 343962, 11 
S, 176, 1615894250, 121569, 11
R, 176, 1615894250 , 183323, 4 
D, 176, 1615894250, 183721, 11 
S, 177, 1615894250, 972130, 11
R, 177, 1615894251 , 43422, 4 
D, 177, 1615894251, 43896, 11 
S, 178, 1615894251, 822692, 11
R, 178, 1615894251 , 893460, 4 
D, 178, 1615894251, 893941, 11 
S, 179, 1615894252, 673325, 11
R, 179, 1615894252 , 743399, 4 
D, 179, 1615894252, 743744, 11 
S, 180, 1615894253, 523908, 11
R, 180, 1615894253 , 593460, 4 
D, 180, 1615894253, 593967, 11 
S, 181, 1615894254, 374529, 11
R, 181, 1615894254 , 443399, 4 
D, 181, 1615894254, 443741, 11 
S, 182, 1615894255, 225094, 11
R, 182, 1615894255 , 293574, 4 
D, 182, 1615894255, 294069, 11 
S, 183, 1615894256, 75664, 11
R, 183, 1615894256 , 143397, 4 
D, 183, 1615894256, 143719, 11 
S, 184, 1615894256, 926226, 11
R, 184, 1615894256 , 993428, 4 
D, 184, 1615894256, 993906, 11 
S, 185, 1615894257, 776773, 11
R, 185, 1615894257 , 843430, 4 
D, 185, 1615894257, 843763, 11 
S, 186, 1615894258, 627398, 11
R, 186, 1615894258 , 693474, 4 
D, 186, 1615894258, 693808, 11 
S, 187, 1615894259, 478015, 11
R, 187, 1615894259 , 543321, 4 
D, 187, 1615894259, 543650, 11 
S, 188, 1615894260, 328575, 11
R, 188, 1615894260 , 393423, 4 
D, 188, 1615894260, 393913, 11 
S, 189, 1615894261, 179149, 11
R, 189, 1615894261 , 243286, 4 
D, 189, 1615894261, 243786, 11 
S, 190, 1615894262, 29821, 11
R, 190, 1615894262 , 93376, 4 
D, 190, 1615894262, 93799, 11 
S, 191, 1615894262, 880396, 11
R, 191, 1615894262 , 943331, 4 
D, 191, 1615894262, 943785, 11 
S, 192, 1615894263, 731008, 11
R, 192, 1615894263 , 793356, 4 
D, 192, 1615894263, 793860, 11 
S, 193, 1615894264, 581648, 11
R, 193, 1615894264 , 643344, 4 
D, 193, 1615894264, 643825, 11 
S, 194, 1615894265, 432204, 11
R, 194, 1615894265 , 503403, 4 
D, 194, 1615894265, 503870, 11 
S, 195, 1615894266, 282771, 11
R, 195, 1615894266 , 353414, 4 
D, 195, 1615894266, 353910, 11 
S, 196, 1615894267, 133338, 11
R, 196, 1615894267 , 203405, 4 
D, 196, 1615894267, 203887, 11 
S, 197, 1615894267, 983904, 11
R, 197, 1615894268 , 53487, 4 
D, 197, 1615894268, 53985, 11 
S, 198, 1615894268, 834529, 11
R, 198, 1615894268 , 903412, 4 
D, 198, 1615894268, 903908, 11 
S, 199, 1615894269, 685148, 11
R, 199, 1615894269 , 753393, 4 
D, 199, 1615894269, 753882, 11 
S, 200, 1615894270, 535699, 11
R, 200, 1615894270 , 603438, 4 
D, 200, 1615894270, 603938, 11 
S, 201, 1615894271, 386296, 11
R, 201, 1615894271 , 453455, 4 
D, 201, 1615894271, 453941, 11 
S, 202, 1615894272, 236852, 11
R, 202, 1615894272 , 303427, 4 
D, 202, 1615894272, 303925, 11 
S, 203, 1615894273, 87425, 11
R, 203, 1615894273 , 153549, 4 
D, 203, 1615894273, 154007, 11 
S, 204, 1615894273, 938054, 11
R, 204, 1615894274 , 3454, 4 
D, 204, 1615894274, 3963, 11 
S, 205, 1615894274, 788619, 11
R, 205, 1615894274 , 853413, 4 
D, 205, 1615894274, 853903, 11 
S, 206, 1615894275, 639235, 11
R, 206, 1615894275 , 703342, 4 
D, 206, 1615894275, 703853, 11 
S, 207, 1615894276, 489826, 11
R, 207, 1615894276 , 553404, 4 
D, 207, 1615894276, 553902, 11 
S, 208, 1615894277, 340381, 11
R, 208, 1615894277 , 413357, 4 
D, 208, 1615894277, 413866, 11 
S, 209, 1615894278, 190936, 11
R, 209, 1615894278 , 253453, 4 
D, 209, 1615894278, 254006, 11 
S, 210, 1615894279, 41567, 11
R, 210, 1615894279 , 113431, 4 
D, 210, 1615894279, 113947, 11 
S, 211, 1615894279, 892145, 11
R, 211, 1615894279 , 963398, 4 
D, 211, 1615894279, 963891, 11 
S, 212, 1615894280, 742692, 11
R, 212, 1615894280 , 813351, 4 
D, 212, 1615894280, 813866, 11 
S, 213, 1615894281, 593306, 11
R, 213, 1615894281 , 663423, 4 
D, 213, 1615894281, 663897, 11 
S, 214, 1615894282, 443853, 11
R, 214, 1615894282 , 513405, 4 
D, 214, 1615894282, 513864, 11 
S, 215, 1615894283, 294418, 11
R, 215, 1615894283 , 363428, 4 
D, 215, 1615894283, 363934, 11 
S, 216, 1615894284, 145055, 11
R, 216, 1615894284 , 213475, 4 
D, 216, 1615894284, 213988, 11 
S, 217, 1615894284, 995617, 11
R, 217, 1615894285 , 63425, 4 
D, 217, 1615894285, 63936, 11 
S, 218, 1615894285, 846192, 11
R, 218, 1615894285 , 913427, 4 
D, 218, 1615894285, 913897, 11 
S, 219, 1615894286, 696738, 11
R, 219, 1615894286 , 763386, 4 
D, 219, 1615894286, 763997, 11 
S, 220, 1615894287, 547289, 11
R, 220, 1615894287 , 613415, 4 
D, 220, 1615894287, 613950, 11 
S, 221, 1615894288, 397857, 11
R, 221, 1615894288 , 463335, 4 
D, 221, 1615894288, 463815, 11 
S, 222, 1615894289, 248482, 11
R, 222, 1615894289 , 313409, 4 
D, 222, 1615894289, 313896, 11 
S, 223, 1615894290, 99064, 11
R, 223, 1615894290 , 163324, 4 
D, 223, 1615894290, 163830, 11 
S, 224, 1615894290, 949618, 11
R, 224, 1615894291 , 13479, 4 
D, 224, 1615894291, 13984, 11 
S, 225, 1615894291, 800206, 11
R, 225, 1615894291 , 863429, 4 
D, 225, 1615894291, 863910, 11 
S, 226, 1615894292, 650772, 11
R, 226, 1615894292 , 713428, 4 
D, 226, 1615894292, 713929, 11 
S, 227, 1615894293, 501417, 11
R, 227, 1615894293 , 563597, 4 
D, 227, 1615894293, 564016, 11 
S, 228, 1615894294, 351987, 11
R, 228, 1615894294 , 413345, 4 
D, 228, 1615894294, 413862, 11 
S, 229, 1615894295, 202558, 11
R, 229, 1615894295 , 263339, 4 
D, 229, 1615894295, 263826, 11 
S, 230, 1615894296, 53189, 11
R, 230, 1615894296 , 123331, 4 
D, 230, 1615894296, 123833, 11 
S, 231, 1615894296, 903770, 11
R, 231, 1615894296 , 973447, 4 
D, 231, 1615894296, 973972, 11 
S, 232, 1615894297, 754340, 11
R, 232, 1615894297 , 823462, 4 
D, 232, 1615894297, 824051, 11 
S, 233, 1615894298, 604957, 11
R, 233, 1615894298 , 673442, 4 
D, 233, 1615894298, 673951, 11 
S, 234, 1615894299, 455571, 11
R, 234, 1615894299 , 523346, 4 
D, 234, 1615894299, 523805, 11 
S, 235, 1615894300, 306134, 11
R, 235, 1615894300 , 373463, 4 
D, 235, 1615894300, 373942, 11 
S, 236, 1615894301, 156681, 11
R, 236, 1615894301 , 223410, 4 
D, 236, 1615894301, 223902, 11 
S, 237, 1615894302, 7265, 11
R, 237, 1615894302 , 83430, 4 
D, 237, 1615894302, 88097, 11 
S, 238, 1615894302, 857833, 11
R, 238, 1615894302 , 923335, 4 
D, 238, 1615894302, 923843, 11 
S, 239, 1615894303, 708462, 11
R, 239, 1615894303 , 773412, 4 
D, 239, 1615894303, 774018, 11 
S, 240, 1615894304, 559081, 11
R, 240, 1615894304 , 623397, 4 
D, 240, 1615894304, 623860, 11 
S, 241, 1615894305, 409613, 11
R, 241, 1615894305 , 473427, 4 
D, 241, 1615894305, 473880, 11 
S, 242, 1615894306, 260173, 11
R, 242, 1615894306 , 323432, 4 
D, 242, 1615894306, 323925, 11 
S, 243, 1615894307, 110776, 11
R, 243, 1615894307 , 173343, 4 
D, 243, 1615894307, 176723, 11 
S, 244, 1615894307, 961352, 11
R, 244, 1615894308 , 33426, 4 
D, 244, 1615894308, 33887, 11 
S, 245, 1615894308, 811981, 11
R, 245, 1615894308 , 883437, 4 
D, 245, 1615894308, 883930, 11 
S, 246, 1615894309, 662591, 11
R, 246, 1615894309 , 733384, 4 
D, 246, 1615894309, 733889, 11 
S, 247, 1615894310, 513193, 11
R, 247, 1615894310 , 583388, 4 
D, 247, 1615894310, 583879, 11 
S, 248, 1615894311, 363737, 11
R, 248, 1615894311 , 433411, 4 
D, 248, 1615894311, 433892, 11 
S, 249, 1615894312, 214311, 11
R, 249, 1615894312 , 283415, 4 
D, 249, 1615894312, 288387, 11 
S, 250, 1615894313, 64884, 11
R, 250, 1615894313 , 133476, 4 
D, 250, 1615894313, 133969, 11 
S, 251, 1615894313, 915514, 11
R, 251, 1615894313 , 983435, 4 
D, 251, 1615894313, 983940, 11 
S, 252, 1615894314, 766104, 11
R, 252, 1615894314 , 833394, 4 
D, 252, 1615894314, 833855, 11 
S, 253, 1615894315, 616638, 11
R, 253, 1615894315 , 683326, 4 
D, 253, 1615894315, 683822, 11 
S, 254, 1615894316, 467194, 11
R, 254, 1615894316 , 533442, 4 
D, 254, 1615894316, 533947, 11 
S, 255, 1615894317, 317763, 11
R, 255, 1615894317 , 383427, 4 
D, 255, 1615894317, 386628, 11 
S, 256, 1615894318, 168340, 11
R, 256, 1615894318 , 233410, 4 
D, 256, 1615894318, 233896, 11 
S, 257, 1615894319, 18924, 11
R, 257, 1615894319 , 83405, 4 
D, 257, 1615894319, 83896, 11 
S, 258, 1615894319, 869479, 11
R, 258, 1615894319 , 933477, 4 
D, 258, 1615894319, 933966, 11 
S, 259, 1615894320, 720040, 11
R, 259, 1615894320 , 783430, 4 
D, 259, 1615894320, 783918, 11 
S, 260, 1615894321, 570617, 11
R, 260, 1615894321 , 633468, 4 
D, 260, 1615894321, 633986, 11 
S, 261, 1615894322, 421284, 11
R, 261, 1615894322 , 483441, 4 
D, 261, 1615894322, 487284, 11 
S, 262, 1615894323, 271862, 11
R, 262, 1615894323 , 343435, 4 
D, 262, 1615894323, 344074, 11 
S, 263, 1615894324, 122506, 11
R, 263, 1615894324 , 193334, 4 
D, 263, 1615894324, 193823, 11 
S, 264, 1615894324, 973111, 11
R, 264, 1615894325 , 43344, 4 
D, 264, 1615894325, 43847, 11 
S, 265, 1615894325, 823679, 11
R, 265, 1615894325 , 893461, 4 
D, 265, 1615894325, 893949, 11 
S, 266, 1615894326, 674242, 11
R, 266, 1615894326 , 743384, 4 
D, 266, 1615894326, 743874, 11 
S, 267, 1615894327, 524807, 11
R, 267, 1615894327 , 593324, 4 
D, 267, 1615894327, 597131, 11 
S, 268, 1615894328, 375362, 11
R, 268, 1615894328 , 443451, 4 
D, 268, 1615894328, 443956, 11 
S, 269, 1615894329, 226002, 11
R, 269, 1615894329 , 293484, 4 
D, 269, 1615894329, 293976, 11 
S, 270, 1615894330, 76570, 11
R, 270, 1615894330 , 143405, 4 
D, 270, 1615894330, 143848, 11 
S, 271, 1615894330, 927111, 11
R, 271, 1615894330 , 993444, 4 
D, 271, 1615894330, 993927, 11 
S, 272, 1615894331, 777679, 11
R, 272, 1615894331 , 843409, 4 
D, 272, 1615894331, 843868, 11 
S, 273, 1615894332, 628241, 11
R, 273, 1615894332 , 693495, 4 
D, 273, 1615894332, 698282, 11 
S, 274, 1615894333, 478821, 11
R, 274, 1615894333 , 543442, 4 
D, 274, 1615894333, 543943, 11 
S, 275, 1615894334, 329446, 11
R, 275, 1615894334 , 393441, 4 
D, 275, 1615894334, 393925, 11 
S, 276, 1615894335, 180002, 11
R, 276, 1615894335 , 253478, 4 
D, 276, 1615894335, 253979, 11 
S, 277, 1615894336, 30619, 11
R, 277, 1615894336 , 93469, 4 
D, 277, 1615894336, 93953, 11 
S, 278, 1615894336, 881190, 11
R, 278, 1615894336 , 963447, 4 
D, 278, 1615894336, 963899, 11 
S, 279, 1615894337, 731747, 11
R, 279, 1615894337 , 803423, 4 
D, 279, 1615894337, 806618, 11 
S, 280, 1615894338, 582363, 11
R, 280, 1615894338 , 643343, 4 
D, 280, 1615894338, 643814, 11 
S, 281, 1615894339, 433041, 11
R, 281, 1615894339 , 503444, 4 
D, 281, 1615894339, 503859, 11 
S, 282, 1615894340, 283600, 11
R, 282, 1615894340 , 353409, 4 
D, 282, 1615894340, 353861, 11 
S, 283, 1615894341, 134165, 11
R, 283, 1615894341 , 203453, 4 
D, 283, 1615894341, 203889, 11 
S, 284, 1615894341, 984726, 11
R, 284, 1615894342 , 53354, 4 
D, 284, 1615894342, 53865, 11 
S, 285, 1615894342, 835304, 11
R, 285, 1615894342 , 903439, 4 
D, 285, 1615894342, 908514, 11 
S, 286, 1615894343, 685931, 11
R, 286, 1615894343 , 763414, 4 
D, 286, 1615894343, 764129, 11 
S, 287, 1615894344, 536539, 11
R, 287, 1615894344 , 613492, 4 
D, 287, 1615894344, 613896, 11 
S, 288, 1615894345, 387089, 11
R, 288, 1615894345 , 453446, 4 
D, 288, 1615894345, 453894, 11 
S, 289, 1615894346, 237653, 11
R, 289, 1615894346 , 303420, 4 
D, 289, 1615894346, 303905, 11 
S, 290, 1615894347, 88241, 11
R, 290, 1615894347 , 163443, 4 
D, 290, 1615894347, 163934, 11 
S, 291, 1615894347, 938839, 11
R, 291, 1615894348 , 3454, 4 
D, 291, 1615894348, 6863, 11 
S, 292, 1615894348, 789469, 11
R, 292, 1615894348 , 853465, 4 
D, 292, 1615894348, 853965, 11 
S, 293, 1615894349, 640081, 11
R, 293, 1615894349 , 703368, 4 
D, 293, 1615894349, 703959, 11 
S, 294, 1615894350, 490649, 11
R, 294, 1615894350 , 553408, 4 
D, 294, 1615894350, 553896, 11 
S, 295, 1615894351, 341200, 11
R, 295, 1615894351 , 413467, 4 
D, 295, 1615894351, 413959, 11 
S, 296, 1615894352, 191769, 11
R, 296, 1615894352 , 263400, 4 
D, 296, 1615894352, 263883, 11 
S, 297, 1615894353, 42330, 11
R, 297, 1615894353 , 113437, 4 
D, 297, 1615894353, 117320, 11 
S, 298, 1615894353, 893014, 11
R, 298, 1615894353 , 963359, 4 
D, 298, 1615894353, 963826, 11 
S, 299, 1615894354, 743633, 11
R, 299, 1615894354 , 813363, 4 
D, 299, 1615894354, 813879, 11 
S, 300, 1615894355, 594151, 11
R, 300, 1615894355 , 663424, 4 
D, 300, 1615894355, 663879, 11 
S, 301, 1615894356, 444702, 11
R, 301, 1615894356 , 513437, 4 
D, 301, 1615894356, 513856, 11 
S, 302, 1615894357, 295254, 11
R, 302, 1615894357 , 363441, 4 
D, 302, 1615894357, 363908, 11 
S, 303, 1615894358, 145838, 11
R, 303, 1615894358 , 213517, 4 
D, 303, 1615894358, 217264, 11 
S, 304, 1615894358, 996429, 11
R, 304, 1615894359 , 63439, 4 
D, 304, 1615894359, 63909, 11 
S, 305, 1615894359, 846998, 11
R, 305, 1615894359 , 913356, 4 
D, 305, 1615894359, 913776, 11 
S, 306, 1615894360, 697564, 11
R, 306, 1615894360 , 763337, 4 
D, 306, 1615894360, 763783, 11 
S, 307, 1615894361, 548140, 11
R, 307, 1615894361 , 613489, 4 
D, 307, 1615894361, 613926, 11 
S, 308, 1615894362, 398720, 11
R, 308, 1615894362 , 463601, 4 
D, 308, 1615894362, 464143, 11 
S, 309, 1615894363, 249298, 11
R, 309, 1615894363 , 313515, 4 
D, 309, 1615894363, 318473, 11 
S, 310, 1615894364, 99946, 11
R, 310, 1615894364 , 163605, 4 
D, 310, 1615894364, 164143, 11 
S, 311, 1615894364, 950524, 11
R, 311, 1615894365 , 23655, 4 
D, 311, 1615894365, 24204, 11 
S, 312, 1615894365, 801087, 11
R, 312, 1615894365 , 873574, 4 
D, 312, 1615894365, 874113, 11 
S, 313, 1615894366, 651643, 11
R, 313, 1615894366 , 723585, 4 
D, 313, 1615894366, 724125, 11 
S, 314, 1615894367, 502215, 11
R, 314, 1615894367 , 573650, 4 
D, 314, 1615894367, 574235, 11 
S, 315, 1615894368, 352785, 11
R, 315, 1615894368 , 423762, 4 
D, 315, 1615894368, 426973, 11 
S, 316, 1615894369, 203436, 11
R, 316, 1615894369 , 273884, 4 
D, 316, 1615894369, 274367, 11 
S, 317, 1615894370, 54002, 11
R, 317, 1615894370 , 123620, 4 
D, 317, 1615894370, 124172, 11 
S, 318, 1615894370, 904561, 11
R, 318, 1615894370 , 973614, 4 
D, 318, 1615894370, 974148, 11 
S, 319, 1615894371, 755116, 11
R, 319, 1615894371 , 823576, 4 
D, 319, 1615894371, 824117, 11 
S, 320, 1615894372, 605681, 11
R, 320, 1615894372 , 673561, 4 
D, 320, 1615894372, 674110, 11 
S, 321, 1615894373, 456249, 11
R, 321, 1615894373 , 523614, 4 
D, 321, 1615894373, 540131, 11 
S, 322, 1615894374, 306892, 11
R, 322, 1615894374 , 373618, 4 
D, 322, 1615894374, 374162, 11 
S, 323, 1615894375, 157477, 11
R, 323, 1615894375 , 223443, 4 
D, 323, 1615894375, 223894, 11 
S, 324, 1615894376, 8066, 11
R, 324, 1615894376 , 73505, 4 
D, 324, 1615894376, 74144, 11 
S, 325, 1615894376, 858628, 11
R, 325, 1615894376 , 923479, 4 
D, 325, 1615894376, 923971, 11 
S, 326, 1615894377, 709212, 11
R, 326, 1615894377 , 773858, 4 
D, 326, 1615894377, 777858, 11 
S, 327, 1615894378, 559800, 11
R, 327, 1615894378 , 623538, 4 
D, 327, 1615894378, 627061, 11 
S, 328, 1615894379, 410434, 11
R, 328, 1615894379 , 473478, 4 
D, 328, 1615894379, 473947, 11 
S, 329, 1615894380, 260995, 11
R, 329, 1615894380 , 323368, 4 
D, 329, 1615894380, 323842, 11 
S, 330, 1615894381, 111568, 11
R, 330, 1615894381 , 173602, 4 
D, 330, 1615894381, 174248, 11 
S, 331, 1615894381, 962230, 11
R, 331, 1615894382 , 33650, 4 
D, 331, 1615894382, 34186, 11 
S, 332, 1615894382, 812818, 11
R, 332, 1615894382 , 883383, 4 
D, 332, 1615894382, 883868, 11 
S, 333, 1615894383, 663433, 11
R, 333, 1615894383 , 733553, 4 
D, 333, 1615894383, 734370, 11 
S, 334, 1615894384, 514043, 11
R, 334, 1615894384 , 583474, 4 
D, 334, 1615894384, 583951, 11 
S, 335, 1615894385, 364600, 11
R, 335, 1615894385 , 433513, 4 
D, 335, 1615894385, 434186, 11 
S, 336, 1615894386, 215151, 11
R, 336, 1615894386 , 283507, 4 
D, 336, 1615894386, 284146, 11 
S, 337, 1615894387, 65701, 11
R, 337, 1615894387 , 133880, 4 
D, 337, 1615894387, 134346, 11 
S, 338, 1615894387, 916266, 11
R, 338, 1615894387 , 983500, 4 
D, 338, 1615894387, 984208, 11 
S, 339, 1615894388, 766879, 11
R, 339, 1615894388 , 833710, 4 
D, 339, 1615894388, 837552, 11 
S, 340, 1615894389, 617509, 11
R, 340, 1615894389 , 683753, 4 
D, 340, 1615894389, 684429, 11 
S, 341, 1615894390, 468068, 11
R, 341, 1615894390 , 533523, 4 
D, 341, 1615894390, 533988, 11 
S, 342, 1615894391, 318617, 11
R, 342, 1615894391 , 383366, 4 
D, 342, 1615894391, 383904, 11 
S, 343, 1615894392, 169158, 11
R, 343, 1615894392 , 233520, 4 
D, 343, 1615894392, 234305, 11 
S, 344, 1615894393, 19719, 11
R, 344, 1615894393 , 83475, 4 
D, 344, 1615894393, 83946, 11 
S, 345, 1615894393, 870337, 11
R, 345, 1615894393 , 943549, 4 
D, 345, 1615894393, 948421, 11 
S, 346, 1615894394, 720957, 11
R, 346, 1615894394 , 793714, 4 
D, 346, 1615894394, 794247, 11 
S, 347, 1615894395, 571565, 11
R, 347, 1615894395 , 633650, 4 
D, 347, 1615894395, 634173, 11 
S, 348, 1615894396, 422114, 11
R, 348, 1615894396 , 493727, 4 
D, 348, 1615894396, 494458, 11 
S, 349, 1615894397, 272655, 11
R, 349, 1615894397 , 343576, 4 
D, 349, 1615894397, 344221, 11 
S, 350, 1615894398, 123278, 11
R, 350, 1615894398 , 193534, 4 
D, 350, 1615894398, 194017, 11 
S, 351, 1615894398, 973903, 11
R, 351, 1615894399 , 43477, 4 
D, 351, 1615894399, 46642, 11 
S, 352, 1615894399, 824504, 11
R, 352, 1615894399 , 893456, 4 
D, 352, 1615894399, 893948, 11 
S, 353, 1615894400, 675047, 11
R, 353, 1615894400 , 743400, 4 
D, 353, 1615894400, 743883, 11 
S, 354, 1615894401, 525604, 11
R, 354, 1615894401 , 593872, 4 
D, 354, 1615894401, 594326, 11 
S, 355, 1615894402, 376172, 11
R, 355, 1615894402 , 443591, 4 
D, 355, 1615894402, 444136, 11 
S, 356, 1615894403, 226726, 11
R, 356, 1615894403 , 293591, 4 
D, 356, 1615894403, 294146, 11 
S, 357, 1615894404, 77373, 11
R, 357, 1615894404 , 143485, 4 
D, 357, 1615894404, 147352, 11 
S, 358, 1615894404, 927953, 11
R, 358, 1615894404 , 993584, 4 
D, 358, 1615894404, 994127, 11 
S, 359, 1615894405, 778516, 11
R, 359, 1615894405 , 843500, 4 
D, 359, 1615894405, 844050, 11 
S, 360, 1615894406, 629075, 11
R, 360, 1615894406 , 693518, 4 
D, 360, 1615894406, 694046, 11 
S, 361, 1615894407, 479639, 11
R, 361, 1615894407 , 543509, 4 
D, 361, 1615894407, 544077, 11 
S, 362, 1615894408, 330253, 11
R, 362, 1615894408 , 393606, 4 
D, 362, 1615894408, 394161, 11 
S, 363, 1615894409, 180902, 11
R, 363, 1615894409 , 243425, 4 
D, 363, 1615894409, 246976, 11 
S, 364, 1615894410, 31480, 11
R, 364, 1615894410 , 93800, 4 
D, 364, 1615894410, 94454, 11 
S, 365, 1615894410, 882041, 11
R, 365, 1615894410 , 953460, 4 
D, 365, 1615894410, 954187, 11 
S, 366, 1615894411, 732576, 11
R, 366, 1615894411 , 803722, 4 
D, 366, 1615894411, 804244, 11 
S, 367, 1615894412, 583202, 11
R, 367, 1615894412 , 653633, 4 
D, 367, 1615894412, 654126, 11 
S, 368, 1615894413, 433790, 11
R, 368, 1615894413 , 503791, 4 
D, 368, 1615894413, 504521, 11 
S, 369, 1615894414, 284426, 11
R, 369, 1615894414 , 353461, 4 
D, 369, 1615894414, 357407, 11 
S, 370, 1615894415, 134973, 11
R, 370, 1615894415 , 203519, 4 
D, 370, 1615894415, 204192, 11 
S, 371, 1615894415, 985528, 11
R, 371, 1615894416 , 53778, 4 
D, 371, 1615894416, 54486, 11 
S, 372, 1615894416, 836081, 11
R, 372, 1615894416 , 903748, 4 
D, 372, 1615894416, 904458, 11 
S, 373, 1615894417, 686634, 11
R, 373, 1615894417 , 753567, 4 
D, 373, 1615894417, 754115, 11 
S, 374, 1615894418, 537202, 11
R, 374, 1615894418 , 603591, 4 
D, 374, 1615894418, 604158, 11 
S, 375, 1615894419, 387851, 11
R, 375, 1615894419 , 453599, 4 
D, 375, 1615894419, 457443, 11 
S, 376, 1615894420, 238404, 11
R, 376, 1615894420 , 303590, 4 
D, 376, 1615894420, 304142, 11 
S, 377, 1615894421, 88979, 11
R, 377, 1615894421 , 153575, 4 
D, 377, 1615894421, 154121, 11 
S, 378, 1615894421, 939525, 11
R, 378, 1615894422 , 3590, 4 
D, 378, 1615894422, 4140, 11 
S, 379, 1615894422, 790086, 11
R, 379, 1615894422 , 854862, 4 
D, 379, 1615894422, 855961, 11 
S, 380, 1615894423, 640685, 11
R, 380, 1615894423 , 704889, 4 
D, 380, 1615894423, 705822, 11 
S, 381, 1615894424, 491313, 11
R, 381, 1615894424 , 554771, 4 
D, 381, 1615894424, 560094, 11 
S, 382, 1615894425, 341879, 11
R, 382, 1615894425 , 403369, 4 
D, 382, 1615894425, 403959, 11 
S, 383, 1615894426, 192429, 11
R, 383, 1615894426 , 263504, 4 
D, 383, 1615894426, 263963, 11 
S, 384, 1615894427, 43064, 11
R, 384, 1615894427 , 113662, 4 
D, 384, 1615894427, 114192, 11 
S, 385, 1615894427, 893601, 11
R, 385, 1615894427 , 963788, 4 
D, 385, 1615894427, 964407, 11 
S, 386, 1615894428, 744159, 11
R, 386, 1615894428 , 813626, 4 
D, 386, 1615894428, 814310, 11 
S, 387, 1615894429, 594764, 11
R, 387, 1615894429 , 664023, 4 
D, 387, 1615894429, 667329, 11 
S, 388, 1615894430, 445307, 11
R, 388, 1615894430 , 514014, 4 
D, 388, 1615894430, 514691, 11 
S, 389, 1615894431, 295875, 11
R, 389, 1615894431 , 363449, 4 
D, 389, 1615894431, 363949, 11 
S, 390, 1615894432, 146428, 11
R, 390, 1615894432 , 213654, 4 
D, 390, 1615894432, 214194, 11 
S, 391, 1615894432, 996978, 11
R, 391, 1615894433 , 63393, 4 
D, 391, 1615894433, 63872, 11 
S, 392, 1615894433, 847603, 11
R, 392, 1615894433 , 913540, 4 
D, 392, 1615894433, 914205, 11 
S, 393, 1615894434, 698219, 11
R, 393, 1615894434 , 763706, 4 
D, 393, 1615894434, 767547, 11 
S, 394, 1615894435, 548785, 11
R, 394, 1615894435 , 613682, 4 
D, 394, 1615894435, 614210, 11 
S, 395, 1615894436, 399361, 11
R, 395, 1615894436 , 463749, 4 
D, 395, 1615894436, 464261, 11 
S, 396, 1615894437, 249919, 11
R, 396, 1615894437 , 323472, 4 
D, 396, 1615894437, 323926, 11 
S, 397, 1615894438, 100482, 11
R, 397, 1615894438 , 163576, 4 
D, 397, 1615894438, 164351, 11 
S, 398, 1615894438, 951099, 11
R, 398, 1615894439 , 23737, 4 
D, 398, 1615894439, 24470, 11 
S, 399, 1615894439, 801713, 11
R, 399, 1615894439 , 873458, 4 
D, 399, 1615894439, 877239, 11 
S, 400, 1615894440, 652271, 11
R, 400, 1615894440 , 723451, 4 
D, 400, 1615894440, 723953, 11 
S, 401, 1615894441, 502902, 11
R, 401, 1615894441 , 573752, 4 
D, 401, 1615894441, 574263, 11 
S, 402, 1615894442, 353572, 11
R, 402, 1615894442 , 423797, 4 
D, 402, 1615894442, 424325, 11 
S, 403, 1615894443, 204141, 11
R, 403, 1615894443 , 273561, 4 
D, 403, 1615894443, 274115, 11 
S, 404, 1615894444, 54765, 11
R, 404, 1615894444 , 123609, 4 
D, 404, 1615894444, 124284, 11 
S, 405, 1615894444, 905335, 11
R, 405, 1615894444 , 973405, 4 
D, 405, 1615894444, 978450, 11 
S, 406, 1615894445, 755890, 11
R, 406, 1615894445 , 823577, 4 
D, 406, 1615894445, 824265, 11 
S, 407, 1615894446, 606447, 11
R, 407, 1615894446 , 673562, 4 
D, 407, 1615894446, 674145, 11 
S, 408, 1615894447, 457007, 11
R, 408, 1615894447 , 523453, 4 
D, 408, 1615894447, 523906, 11 
S, 409, 1615894448, 307563, 11
R, 409, 1615894448 , 373647, 4 
D, 409, 1615894448, 374247, 11 
S, 410, 1615894449, 158200, 11
R, 410, 1615894449 , 223535, 4 
D, 410, 1615894449, 224134, 11 
S, 411, 1615894450, 8772, 11
R, 411, 1615894450 , 83518, 4 
D, 411, 1615894450, 87313, 11 
S, 412, 1615894450, 859316, 11
R, 412, 1615894450 , 923964, 4 
D, 412, 1615894450, 924442, 11 
S, 413, 1615894451, 709882, 11
R, 413, 1615894451 , 773831, 4 
D, 413, 1615894451, 774511, 11 
S, 414, 1615894452, 560420, 11
R, 414, 1615894452 , 623393, 4 
D, 414, 1615894452, 623864, 11 
S, 415, 1615894453, 410962, 11
R, 415, 1615894453 , 483500, 4 
D, 415, 1615894453, 484022, 11 
S, 416, 1615894454, 261601, 11
R, 416, 1615894454 , 323568, 4 
D, 416, 1615894454, 324100, 11 
S, 417, 1615894455, 112167, 11
R, 417, 1615894455 , 183988, 4 
D, 417, 1615894455, 188575, 11 
S, 418, 1615894455, 962785, 11
R, 418, 1615894456 , 33483, 4 
D, 418, 1615894456, 33993, 11 
S, 419, 1615894456, 813352, 11
R, 419, 1615894456 , 883877, 4 
D, 419, 1615894456, 884297, 11 
S, 420, 1615894457, 663891, 11
R, 420, 1615894457 , 733716, 4 
D, 420, 1615894457, 734211, 11 
S, 421, 1615894458, 514455, 11
R, 421, 1615894458 , 583551, 4 
D, 421, 1615894458, 584120, 11 
S, 422, 1615894459, 365095, 11
R, 422, 1615894459 , 433755, 4 
D, 422, 1615894459, 434425, 11 
S, 423, 1615894460, 215654, 11
R, 423, 1615894460 , 283500, 4 
D, 423, 1615894460, 286696, 11 
S, 424, 1615894461, 66214, 11
R, 424, 1615894461 , 143648, 4 
D, 424, 1615894461, 144182, 11 
S, 425, 1615894461, 916786, 11
R, 425, 1615894461 , 983483, 4 
D, 425, 1615894461, 984070, 11 
S, 426, 1615894462, 767329, 11
R, 426, 1615894462 , 833685, 4 
D, 426, 1615894462, 834202, 11 
S, 427, 1615894463, 617888, 11
R, 427, 1615894463 , 683723, 4 
D, 427, 1615894463, 684263, 11 
S, 428, 1615894464, 468512, 11
R, 428, 1615894464 , 533643, 4 
D, 428, 1615894464, 534292, 11 
S, 429, 1615894465, 319074, 11
R, 429, 1615894465 , 384038, 4 
D, 429, 1615894465, 387858, 11 
S, 430, 1615894466, 169627, 11
R, 430, 1615894466 , 233915, 4 
D, 430, 1615894466, 234424, 11 
S, 431, 1615894467, 20189, 11
R, 431, 1615894467 , 83914, 4 
D, 431, 1615894467, 84420, 11 
S, 432, 1615894467, 870733, 11
R, 432, 1615894467 , 944111, 4 
D, 432, 1615894467, 944847, 11 
S, 433, 1615894468, 721324, 11
R, 433, 1615894468 , 783446, 4 
D, 433, 1615894468, 783974, 11 
S, 434, 1615894469, 571975, 11
R, 434, 1615894469 , 643529, 4 
D, 434, 1615894469, 644115, 11 
S, 435, 1615894470, 422537, 11
R, 435, 1615894470 , 493619, 4 
D, 435, 1615894470, 497447, 11 
S, 436, 1615894471, 273125, 11
R, 436, 1615894471 , 343473, 4 
D, 436, 1615894471, 343925, 11 
S, 437, 1615894472, 123680, 11
R, 437, 1615894472 , 193514, 4 
D, 437, 1615894472, 194068, 11 
S, 438, 1615894472, 974240, 11
R, 438, 1615894473 , 43564, 4 
D, 438, 1615894473, 44150, 11 
S, 439, 1615894473, 824837, 11
R, 439, 1615894473 , 893710, 4 
D, 439, 1615894473, 894238, 11 
S, 440, 1615894474, 675456, 11
R, 440, 1615894474 , 743693, 4 
D, 440, 1615894474, 744215, 11 
S, 441, 1615894475, 526011, 11
R, 441, 1615894475 , 593702, 4 
D, 441, 1615894475, 598638, 11 
S, 442, 1615894476, 376553, 11
R, 442, 1615894476 , 443762, 4 
D, 442, 1615894476, 444287, 11 
S, 443, 1615894477, 227122, 11
R, 443, 1615894477 , 294048, 4 
D, 443, 1615894477, 294577, 11 
S, 444, 1615894478, 77694, 11
R, 444, 1615894478 , 143552, 4 
D, 444, 1615894478, 144152, 11 
S, 445, 1615894478, 928405, 11
R, 445, 1615894478 , 993679, 4 
D, 445, 1615894478, 994212, 11 
S, 446, 1615894479, 779022, 11
R, 446, 1615894479 , 843461, 4 
D, 446, 1615894479, 843914, 11 
S, 447, 1615894480, 629580, 11
R, 447, 1615894480 , 693817, 4 
D, 447, 1615894480, 697748, 11 
S, 448, 1615894481, 480147, 11
R, 448, 1615894481 , 553756, 4 
D, 448, 1615894481, 554278, 11 
S, 449, 1615894482, 330725, 11
R, 449, 1615894482 , 393642, 4 
D, 449, 1615894482, 394174, 11 
S, 450, 1615894483, 181407, 11
R, 450, 1615894483 , 243331, 4 
D, 450, 1615894483, 243680, 11 
S, 451, 1615894484, 32030, 11
R, 451, 1615894484 , 103344, 4 
D, 451, 1615894484, 103856, 11 
S, 452, 1615894484, 882619, 11
R, 452, 1615894484 , 953420, 4 
D, 452, 1615894484, 953752, 11 
S, 453, 1615894485, 733237, 11
R, 453, 1615894485 , 803442, 4 
D, 453, 1615894485, 803954, 11 
S, 454, 1615894486, 583804, 11
R, 454, 1615894486 , 653653, 4 
D, 454, 1615894486, 654176, 11 
S, 455, 1615894487, 434368, 11
R, 455, 1615894487 , 503527, 4 
D, 455, 1615894487, 504068, 11 
S, 456, 1615894488, 284926, 11
R, 456, 1615894488 , 353417, 4 
D, 456, 1615894488, 353904, 11 
S, 457, 1615894489, 135566, 11
R, 457, 1615894489 , 203458, 4 
D, 457, 1615894489, 203960, 11 
S, 458, 1615894489, 986141, 11
R, 458, 1615894490 , 53501, 4 
D, 458, 1615894490, 53982, 11 
S, 459, 1615894490, 836673, 11
R, 459, 1615894490 , 913467, 4 
D, 459, 1615894490, 913970, 11 
S, 460, 1615894491, 687229, 11
R, 460, 1615894491 , 753425, 4 
D, 460, 1615894491, 757193, 11 
S, 461, 1615894492, 537792, 11
R, 461, 1615894492 , 603551, 4 
D, 461, 1615894492, 604422, 11 
S, 462, 1615894493, 388360, 11
R, 462, 1615894493 , 453809, 4 
D, 462, 1615894493, 454335, 11 
S, 463, 1615894494, 239002, 11
R, 463, 1615894494 , 304125, 4 
D, 463, 1615894494, 304926, 11 
S, 464, 1615894495, 89546, 11
R, 464, 1615894495 , 154050, 4 
D, 464, 1615894495, 154823, 11 
S, 465, 1615894495, 940113, 11
R, 465, 1615894496 , 3473, 4 
D, 465, 1615894496, 3969, 11 
S, 466, 1615894496, 790675, 11
R, 466, 1615894496 , 853632, 4 
D, 466, 1615894496, 858350, 11 
S, 467, 1615894497, 641241, 11
R, 467, 1615894497 , 713795, 4 
D, 467, 1615894497, 714310, 11 
S, 468, 1615894498, 491822, 11
R, 468, 1615894498 , 563507, 4 
D, 468, 1615894498, 563982, 11 
S, 469, 1615894499, 342456, 11
R, 469, 1615894499 , 413477, 4 
D, 469, 1615894499, 413956, 11 
S, 470, 1615894500, 193091, 11
R, 470, 1615894500 , 263452, 4 
D, 470, 1615894500, 263948, 11 
S, 471, 1615894501, 43655, 11
R, 471, 1615894501 , 113686, 4 
D, 471, 1615894501, 114356, 11 
S, 472, 1615894501, 894344, 11
R, 472, 1615894501 , 963373, 4 
D, 472, 1615894501, 966585, 11 
S, 473, 1615894502, 744932, 11
R, 473, 1615894502 , 813661, 4 
D, 473, 1615894502, 814052, 11 
S, 474, 1615894503, 595509, 11
R, 474, 1615894503 , 663469, 4 
D, 474, 1615894503, 664091, 11 
S, 475, 1615894504, 446133, 11
R, 475, 1615894504 , 514960, 4 
D, 475, 1615894504, 516027, 11 
S, 476, 1615894505, 296677, 11
R, 476, 1615894505 , 364818, 4 
D, 476, 1615894505, 365753, 11 
S, 477, 1615894506, 147224, 11
R, 477, 1615894506 , 214175, 4 
D, 477, 1615894506, 215209, 11 
S, 478, 1615894506, 997766, 11
R, 478, 1615894507 , 63940, 4 
D, 478, 1615894507, 67905, 11 
S, 479, 1615894507, 848308, 11
R, 479, 1615894507 , 914086, 4 
D, 479, 1615894507, 914857, 11 
S, 480, 1615894508, 698893, 11
R, 480, 1615894508 , 774096, 4 
D, 480, 1615894508, 774805, 11 
S, 481, 1615894509, 549515, 11
R, 481, 1615894509 , 624061, 4 
D, 481, 1615894509, 624779, 11 
S, 482, 1615894510, 400065, 11
R, 482, 1615894510 , 464040, 4 
D, 482, 1615894510, 464719, 11 
S, 483, 1615894511, 250610, 11
R, 483, 1615894511 , 313649, 4 
D, 483, 1615894511, 314227, 11 
S, 484, 1615894512, 101171, 11
R, 484, 1615894512 , 174172, 4 
D, 484, 1615894512, 179894, 11 
S, 485, 1615894512, 951723, 11
R, 485, 1615894513 , 24081, 4 
D, 485, 1615894513, 24791, 11 
S, 486, 1615894513, 802300, 11
R, 486, 1615894513 , 874000, 4 
D, 486, 1615894513, 874805, 11 
S, 487, 1615894514, 652938, 11
R, 487, 1615894514 , 723707, 4 
D, 487, 1615894514, 724330, 11 
S, 488, 1615894515, 503541, 11
R, 488, 1615894515 , 573479, 4 
D, 488, 1615894515, 573990, 11 
S, 489, 1615894516, 354120, 11
R, 489, 1615894516 , 423442, 4 
D, 489, 1615894516, 424039, 11 
S, 490, 1615894517, 204682, 11
R, 490, 1615894517 , 273425, 4 
D, 490, 1615894517, 278187, 11 
S, 491, 1615894518, 55232, 11
R, 491, 1615894518 , 123564, 4 
D, 491, 1615894518, 124003, 11 
S, 492, 1615894518, 905837, 11
R, 492, 1615894518 , 973461, 4 
D, 492, 1615894518, 974050, 11 
S, 493, 1615894519, 756454, 11
R, 493, 1615894519 , 833462, 4 
D, 493, 1615894519, 834061, 11 
S, 494, 1615894520, 607022, 11
R, 494, 1615894520 , 673490, 4 
D, 494, 1615894520, 674058, 11 
S, 495, 1615894521, 457581, 11
R, 495, 1615894521 , 523780, 4 
D, 495, 1615894521, 524242, 11 
S, 496, 1615894522, 308178, 11
R, 496, 1615894522 , 373796, 4 
D, 496, 1615894522, 377647, 11 
S, 497, 1615894523, 158738, 11
R, 497, 1615894523 , 223705, 4 
D, 497, 1615894523, 224123, 11 
S, 498, 1615894524, 9349, 11
R, 498, 1615894524 , 73827, 4 
D, 498, 1615894524, 74317, 11 
S, 499, 1615894524, 859948, 11
R, 499, 1615894524 , 923829, 4 
D, 499, 1615894524, 924289, 11 
