Type, Id paq, time stamp segundos, micro, long paq 
S, 0, 1615884959, 508191, 11
R, 1, 1615884959 , 527975, 4 
S, 1, 1615884960, 258661, 11
R, 2, 1615884960 , 320280, 4 
S, 2, 1615884961, 9106, 11
R, 3, 1615884961 , 30073, 4 
S, 3, 1615884961, 760073, 11
R, 4, 1615884961 , 785063, 4 
S, 4, 1615884962, 510470, 11
R, 5, 1615884962 , 572271, 4 
S, 5, 1615884963, 260893, 11
R, 6, 1615884963 , 282640, 4 
S, 6, 1615884964, 11663, 11
R, 7, 1615884964 , 32999, 4 
S, 7, 1615884964, 762070, 11
R, 8, 1615884964 , 824306, 4 
S, 8, 1615884965, 512957, 11
R, 9, 1615884965 , 535646, 4 
S, 9, 1615884966, 263937, 11
R, 10, 1615884966 , 285317, 4 
S, 10, 1615884967, 14825, 11
R, 11, 1615884967 , 80825, 4 
S, 11, 1615884967, 765689, 11
R, 12, 1615884967 , 787937, 4 
S, 12, 1615884968, 516755, 11
R, 13, 1615884968 , 538222, 4 
S, 13, 1615884969, 267317, 11
R, 14, 1615884969 , 328128, 4 
S, 14, 1615884970, 17884, 11
R, 15, 1615884970 , 39105, 4 
S, 15, 1615884970, 768439, 11
R, 16, 1615884970 , 788912, 4 
S, 16, 1615884971, 518974, 11
R, 17, 1615884971 , 579949, 4 
S, 17, 1615884972, 269342, 11
R, 18, 1615884972 , 291225, 4 
S, 18, 1615884973, 19757, 11
R, 19, 1615884973 , 40720, 4 
S, 19, 1615884973, 770117, 11
R, 20, 1615884973 , 831646, 4 
S, 20, 1615884974, 520485, 11
R, 21, 1615884974 , 540115, 4 
S, 21, 1615884975, 270874, 11
R, 22, 1615884975 , 291231, 4 
S, 22, 1615884976, 21249, 11
R, 23, 1615884976 , 84243, 4 
S, 23, 1615884976, 771619, 11
R, 24, 1615884976 , 792195, 4 
S, 24, 1615884977, 521998, 11
R, 25, 1615884977 , 543855, 4 
S, 25, 1615884978, 272378, 11
R, 26, 1615884978 , 332205, 4 
S, 26, 1615884979, 22743, 11
R, 27, 1615884979 , 43864, 4 
S, 27, 1615884979, 773131, 11
R, 28, 1615884979 , 795519, 4 
S, 28, 1615884980, 523492, 11
R, 29, 1615884980 , 584104, 4 
S, 29, 1615884981, 273919, 11
R, 30, 1615884981 , 296990, 4 
S, 30, 1615884982, 24306, 11
R, 31, 1615884982 , 44267, 4 
S, 31, 1615884982, 774681, 11
R, 32, 1615884982 , 839687, 4 
S, 32, 1615884983, 525069, 11
R, 33, 1615884983 , 546791, 4 
S, 33, 1615884984, 275460, 11
R, 34, 1615884984 , 295267, 4 
S, 34, 1615884985, 25826, 11
R, 35, 1615884985 , 88181, 4 
S, 35, 1615884985, 776187, 11
R, 36, 1615884985 , 799329, 4 
S, 36, 1615884986, 526594, 11
R, 37, 1615884986 , 547725, 4 
S, 37, 1615884987, 276950, 11
R, 38, 1615884987 , 343900, 4 
S, 38, 1615884988, 27333, 11
R, 39, 1615884988 , 47741, 4 
S, 39, 1615884988, 777742, 11
R, 40, 1615884988 , 801246, 4 
S, 40, 1615884989, 528104, 11
R, 41, 1615884989 , 588383, 4 
S, 41, 1615884990, 278465, 11
R, 42, 1615884990 , 298879, 4 
S, 42, 1615884991, 28884, 11
R, 43, 1615884991 , 48610, 4 
S, 43, 1615884991, 779245, 11
R, 44, 1615884991 , 839818, 4 
S, 44, 1615884992, 529604, 11
R, 45, 1615884992 , 554657, 4 
S, 45, 1615884993, 280013, 11
R, 46, 1615884993 , 300493, 4 
S, 46, 1615884994, 30376, 11
R, 47, 1615884994 , 92193, 4 
S, 47, 1615884994, 780741, 11
R, 48, 1615884994 , 800023, 4 
S, 48, 1615884995, 531121, 11
R, 49, 1615884995 , 551085, 4 
S, 49, 1615884996, 281491, 11
R, 50, 1615884996 , 344033, 4 
S, 50, 1615884997, 31857, 11
R, 51, 1615884997 , 52484, 4 
S, 51, 1615884997, 782250, 11
R, 52, 1615884997 , 803485, 4 
S, 52, 1615884998, 532691, 11
R, 53, 1615884998 , 596485, 4 
S, 53, 1615884999, 283018, 11
R, 54, 1615884999 , 304283, 4 
S, 54, 1615885000, 33400, 11
R, 55, 1615885000 , 54066, 4 
S, 55, 1615885000, 783791, 11
R, 56, 1615885000 , 843857, 4 
S, 56, 1615885001, 534161, 11
R, 57, 1615885001 , 556084, 4 
S, 57, 1615885002, 284563, 11
R, 58, 1615885002 , 305843, 4 
S, 58, 1615885003, 34952, 11
R, 59, 1615885003 , 100708, 4 
S, 59, 1615885003, 785318, 11
R, 60, 1615885003 , 811035, 4 
S, 60, 1615885004, 535712, 11
R, 61, 1615885004 , 556208, 4 
S, 61, 1615885005, 286080, 11
R, 62, 1615885005 , 351887, 4 
S, 62, 1615885006, 36527, 11
R, 63, 1615885006 , 57021, 4 
S, 63, 1615885006, 786934, 11
R, 64, 1615885006 , 808220, 4 
S, 64, 1615885007, 537320, 11
R, 65, 1615885007 , 599912, 4 
S, 65, 1615885008, 287743, 11
R, 66, 1615885008 , 309610, 4 
S, 66, 1615885009, 38161, 11
R, 67, 1615885009 , 59319, 4 
S, 67, 1615885009, 788561, 11
R, 68, 1615885009 , 848403, 4 
S, 68, 1615885010, 538939, 11
R, 69, 1615885010 , 560195, 4 
S, 69, 1615885011, 289362, 11
R, 70, 1615885011 , 309910, 4 
S, 70, 1615885012, 39742, 11
R, 71, 1615885012 , 104160, 4 
S, 71, 1615885012, 790147, 11
R, 72, 1615885012 , 811924, 4 
S, 72, 1615885013, 540638, 11
R, 73, 1615885013 , 561634, 4 
S, 73, 1615885014, 291018, 11
R, 74, 1615885014 , 352653, 4 
S, 74, 1615885015, 41393, 11
R, 75, 1615885015 , 62374, 4 
S, 75, 1615885015, 791803, 11
R, 76, 1615885015 , 812198, 4 
S, 76, 1615885016, 542219, 11
R, 77, 1615885016 , 604534, 4 
S, 77, 1615885017, 292613, 11
R, 78, 1615885017 , 319409, 4 
S, 78, 1615885018, 43080, 11
R, 79, 1615885018 , 63294, 4 
S, 79, 1615885018, 793486, 11
R, 80, 1615885018 , 860079, 4 
S, 80, 1615885019, 543916, 11
R, 81, 1615885019 , 564045, 4 
S, 81, 1615885020, 294329, 11
R, 82, 1615885020 , 315119, 4 
S, 82, 1615885021, 44758, 11
R, 83, 1615885021 , 112615, 4 
S, 83, 1615885021, 795235, 11
R, 84, 1615885021 , 821825, 4 
S, 84, 1615885022, 545671, 11
R, 85, 1615885022 , 567071, 4 
S, 85, 1615885023, 296097, 11
R, 86, 1615885023 , 356825, 4 
S, 86, 1615885024, 46487, 11
R, 87, 1615885024 , 71653, 4 
S, 87, 1615885024, 796922, 11
R, 88, 1615885024 , 824184, 4 
S, 88, 1615885025, 547300, 11
R, 89, 1615885025 , 608199, 4 
S, 89, 1615885026, 297735, 11
R, 90, 1615885026 , 319179, 4 
S, 90, 1615885027, 48162, 11
R, 91, 1615885027 , 68113, 4 
S, 91, 1615885027, 798543, 11
R, 92, 1615885027 , 859747, 4 
S, 92, 1615885028, 548976, 11
R, 93, 1615885028 , 569433, 4 
S, 93, 1615885029, 299403, 11
R, 94, 1615885029 , 320447, 4 
S, 94, 1615885030, 49816, 11
R, 95, 1615885030 , 112094, 4 
S, 95, 1615885030, 800228, 11
R, 96, 1615885030 , 821279, 4 
S, 96, 1615885031, 550705, 11
R, 97, 1615885031 , 570988, 4 
S, 97, 1615885032, 301084, 11
R, 98, 1615885032 , 364027, 4 
S, 98, 1615885033, 51497, 11
R, 99, 1615885033 , 71677, 4 
S, 99, 1615885033, 801893, 11
R, 100, 1615885033 , 822059, 4 
S, 100, 1615885034, 552280, 11
R, 101, 1615885034 , 611779, 4 
S, 101, 1615885035, 302657, 11
R, 102, 1615885035 , 322799, 4 
S, 102, 1615885036, 53119, 11
R, 103, 1615885036 , 74016, 4 
S, 103, 1615885036, 803525, 11
R, 104, 1615885036 , 865180, 4 
S, 104, 1615885037, 553959, 11
R, 105, 1615885037 , 575523, 4 
S, 105, 1615885038, 304416, 11
R, 106, 1615885038 , 325246, 4 
S, 106, 1615885039, 54810, 11
R, 107, 1615885039 , 116282, 4 
S, 107, 1615885039, 805186, 11
R, 108, 1615885039 , 828506, 4 
S, 108, 1615885040, 555594, 11
R, 109, 1615885040 , 576451, 4 
S, 109, 1615885041, 306011, 11
R, 110, 1615885041 , 368125, 4 
S, 110, 1615885042, 56386, 11
R, 111, 1615885042 , 77149, 4 
S, 111, 1615885042, 806835, 11
R, 112, 1615885042 , 826846, 4 
S, 112, 1615885043, 557262, 11
R, 113, 1615885043 , 615929, 4 
S, 113, 1615885044, 307648, 11
R, 114, 1615885044 , 327549, 4 
S, 114, 1615885045, 58086, 11
R, 115, 1615885045 , 79839, 4 
S, 115, 1615885045, 808449, 11
R, 116, 1615885045 , 872919, 4 
S, 116, 1615885046, 558877, 11
R, 117, 1615885046 , 579364, 4 
S, 117, 1615885047, 309294, 11
R, 118, 1615885047 , 338134, 4 
S, 118, 1615885048, 59715, 11
R, 119, 1615885048 , 124150, 4 
S, 119, 1615885048, 810143, 11
R, 120, 1615885048 , 831145, 4 
S, 120, 1615885049, 560572, 11
R, 121, 1615885049 , 580874, 4 
S, 121, 1615885050, 310953, 11
R, 122, 1615885050 , 372021, 4 
S, 122, 1615885051, 61375, 11
R, 123, 1615885051 , 81724, 4 
S, 123, 1615885051, 811784, 11
R, 124, 1615885051 , 837440, 4 
S, 124, 1615885052, 562155, 11
R, 125, 1615885052 , 624058, 4 
S, 125, 1615885053, 312586, 11
R, 126, 1615885053 , 333032, 4 
S, 126, 1615885054, 62998, 11
R, 127, 1615885054 , 85384, 4 
S, 127, 1615885054, 813395, 11
R, 128, 1615885054 , 876906, 4 
S, 128, 1615885055, 563804, 11
R, 129, 1615885055 , 584989, 4 
S, 129, 1615885056, 314242, 11
R, 130, 1615885056 , 334601, 4 
S, 130, 1615885057, 64613, 11
R, 131, 1615885057 , 124372, 4 
S, 131, 1615885057, 814987, 11
R, 132, 1615885057 , 835957, 4 
S, 132, 1615885058, 565458, 11
R, 133, 1615885058 , 585658, 4 
S, 133, 1615885059, 315835, 11
R, 134, 1615885059 , 376694, 4 
S, 134, 1615885060, 66217, 11
R, 135, 1615885060 , 86349, 4 
S, 135, 1615885060, 816655, 11
R, 136, 1615885060 , 837481, 4 
S, 136, 1615885061, 567099, 11
R, 137, 1615885061 , 628462, 4 
S, 137, 1615885062, 317541, 11
R, 138, 1615885062 , 338170, 4 
S, 138, 1615885063, 67987, 11
R, 139, 1615885063 , 88571, 4 
S, 139, 1615885063, 818387, 11
R, 140, 1615885063 , 880236, 4 
S, 140, 1615885064, 568759, 11
R, 141, 1615885064 , 591250, 4 
S, 141, 1615885065, 319149, 11
R, 142, 1615885065 , 340333, 4 
S, 142, 1615885066, 69577, 11
R, 143, 1615885066 , 132105, 4 
S, 143, 1615885066, 819984, 11
R, 144, 1615885066 , 839366, 4 
S, 144, 1615885067, 570384, 11
R, 145, 1615885067 , 590425, 4 
S, 145, 1615885068, 320802, 11
R, 146, 1615885068 , 380100, 4 
S, 146, 1615885069, 71199, 11
R, 147, 1615885069 , 91681, 4 
S, 147, 1615885069, 821615, 11
R, 148, 1615885069 , 842709, 4 
S, 148, 1615885070, 571995, 11
R, 149, 1615885070 , 632595, 4 
S, 149, 1615885071, 322409, 11
R, 150, 1615885071 , 343631, 4 
S, 150, 1615885072, 72842, 11
R, 151, 1615885072 , 93285, 4 
S, 151, 1615885072, 823210, 11
R, 152, 1615885072 , 884282, 4 
S, 152, 1615885073, 573633, 11
R, 153, 1615885073 , 594663, 4 
S, 153, 1615885074, 324050, 11
R, 154, 1615885074 , 345030, 4 
S, 154, 1615885075, 74430, 11
R, 155, 1615885075 , 136013, 4 
S, 155, 1615885075, 824786, 11
R, 156, 1615885075 , 845882, 4 
S, 156, 1615885076, 575257, 11
R, 157, 1615885076 , 596891, 4 
S, 157, 1615885077, 325635, 11
R, 158, 1615885077 , 392484, 4 
S, 158, 1615885078, 76013, 11
R, 159, 1615885078 , 96987, 4 
S, 159, 1615885078, 826429, 11
R, 160, 1615885078 , 846101, 4 
S, 160, 1615885079, 576811, 11
R, 161, 1615885079 , 637161, 4 
S, 161, 1615885080, 327262, 11
R, 162, 1615885080 , 348099, 4 
S, 162, 1615885081, 77688, 11
R, 163, 1615885081 , 98728, 4 
S, 163, 1615885081, 828159, 11
R, 164, 1615885081 , 888448, 4 
S, 164, 1615885082, 578559, 11
R, 165, 1615885082 , 600766, 4 
S, 165, 1615885083, 329032, 11
R, 166, 1615885083 , 349240, 4 
S, 166, 1615885084, 79429, 11
R, 167, 1615885084 , 144723, 4 
S, 167, 1615885084, 829808, 11
R, 168, 1615885084 , 851831, 4 
S, 168, 1615885085, 580231, 11
R, 169, 1615885085 , 600985, 4 
S, 169, 1615885086, 330654, 11
R, 170, 1615885086 , 392083, 4 
S, 170, 1615885087, 81016, 11
R, 171, 1615885087 , 101105, 4 
S, 171, 1615885087, 831421, 11
R, 172, 1615885087 , 851500, 4 
S, 172, 1615885088, 581857, 11
R, 173, 1615885088 , 648297, 4 
S, 173, 1615885089, 332285, 11
R, 174, 1615885089 , 352854, 4 
S, 174, 1615885090, 82736, 11
R, 175, 1615885090 , 103933, 4 
S, 175, 1615885090, 833123, 11
R, 176, 1615885090 , 896287, 4 
S, 176, 1615885091, 583534, 11
R, 177, 1615885091 , 608599, 4 
S, 177, 1615885092, 333983, 11
R, 178, 1615885092 , 356345, 4 
S, 178, 1615885093, 84387, 11
R, 179, 1615885093 , 148038, 4 
S, 179, 1615885093, 834816, 11
R, 180, 1615885093 , 853907, 4 
S, 180, 1615885094, 585233, 11
R, 181, 1615885094 , 606158, 4 
S, 181, 1615885095, 335616, 11
R, 182, 1615885095 , 397202, 4 
S, 182, 1615885096, 86035, 11
R, 183, 1615885096 , 106370, 4 
S, 183, 1615885096, 836516, 11
R, 184, 1615885096 , 857561, 4 
S, 184, 1615885097, 586895, 11
R, 185, 1615885097 , 648641, 4 
S, 185, 1615885098, 337323, 11
R, 186, 1615885098 , 357662, 4 
S, 186, 1615885099, 87752, 11
R, 187, 1615885099 , 107989, 4 
S, 187, 1615885099, 838122, 11
R, 188, 1615885099 , 904256, 4 
S, 188, 1615885100, 588506, 11
R, 189, 1615885100 , 610201, 4 
S, 189, 1615885101, 338934, 11
R, 190, 1615885101 , 363843, 4 
S, 190, 1615885102, 89357, 11
R, 191, 1615885102 , 152209, 4 
S, 191, 1615885102, 839742, 11
R, 192, 1615885102 , 861894, 4 
S, 192, 1615885103, 590207, 11
R, 193, 1615885103 , 611621, 4 
S, 193, 1615885104, 340604, 11
R, 194, 1615885104 , 400691, 4 
S, 194, 1615885105, 90973, 11
R, 195, 1615885105 , 111010, 4 
S, 195, 1615885105, 841375, 11
R, 196, 1615885105 , 861515, 4 
S, 196, 1615885106, 591805, 11
R, 197, 1615885106 , 652554, 4 
S, 197, 1615885107, 342192, 11
R, 198, 1615885107 , 367387, 4 
S, 198, 1615885108, 92643, 11
R, 199, 1615885108 , 115842, 4 
S, 199, 1615885108, 843072, 11
R, 200, 1615885108 , 904284, 4 
S, 200, 1615885109, 593468, 11
R, 201, 1615885109 , 614046, 4 
S, 201, 1615885110, 343940, 11
R, 202, 1615885110 , 364376, 4 
S, 202, 1615885111, 94358, 11
R, 203, 1615885111 , 156790, 4 
S, 203, 1615885111, 844746, 11
R, 204, 1615885111 , 866006, 4 
S, 204, 1615885112, 595148, 11
R, 205, 1615885112 , 615757, 4 
S, 205, 1615885113, 345569, 11
R, 206, 1615885113 , 404792, 4 
S, 206, 1615885114, 95982, 11
R, 207, 1615885114 , 117075, 4 
S, 207, 1615885114, 846398, 11
R, 208, 1615885114 , 866160, 4 
S, 208, 1615885115, 596776, 11
R, 209, 1615885115 , 655995, 4 
S, 209, 1615885116, 347194, 11
R, 210, 1615885116 , 372135, 4 
S, 210, 1615885117, 97605, 11
R, 211, 1615885117 , 117946, 4 
S, 211, 1615885117, 847987, 11
R, 212, 1615885117 , 908936, 4 
S, 212, 1615885118, 598405, 11
R, 213, 1615885118 , 619303, 4 
S, 213, 1615885119, 348816, 11
R, 214, 1615885119 , 368354, 4 
S, 214, 1615885120, 99217, 11
R, 215, 1615885120 , 160041, 4 
S, 215, 1615885120, 849594, 11
R, 216, 1615885120 , 871136, 4 
S, 216, 1615885121, 600061, 11
R, 217, 1615885121 , 624120, 4 
S, 217, 1615885122, 350441, 11
R, 218, 1615885122 , 411891, 4 
S, 218, 1615885123, 100819, 11
R, 219, 1615885123 , 122289, 4 
S, 219, 1615885123, 851257, 11
R, 220, 1615885123 , 872628, 4 
S, 220, 1615885124, 601635, 11
R, 221, 1615885124 , 668761, 4 
S, 221, 1615885125, 352020, 11
R, 222, 1615885125 , 372655, 4 
S, 222, 1615885126, 102490, 11
R, 223, 1615885126 , 123153, 4 
S, 223, 1615885126, 852876, 11
R, 224, 1615885126 , 912393, 4 
S, 224, 1615885127, 603252, 11
R, 225, 1615885127 , 624093, 4 
S, 225, 1615885128, 353780, 11
R, 226, 1615885128 , 374401, 4 
S, 226, 1615885129, 104161, 11
R, 227, 1615885129 , 164750, 4 
S, 227, 1615885129, 854522, 11
R, 228, 1615885129 , 876409, 4 
S, 228, 1615885130, 604943, 11
R, 229, 1615885130 , 625642, 4 
S, 229, 1615885131, 355373, 11
R, 230, 1615885131 , 420500, 4 
S, 230, 1615885132, 105797, 11
R, 231, 1615885132 , 126955, 4 
S, 231, 1615885132, 856209, 11
R, 232, 1615885132 , 879919, 4 
S, 232, 1615885133, 606630, 11
R, 233, 1615885133 , 667701, 4 
S, 233, 1615885134, 357025, 11
R, 234, 1615885134 , 378037, 4 
S, 234, 1615885135, 107428, 11
R, 235, 1615885135 , 127772, 4 
S, 235, 1615885135, 857805, 11
R, 236, 1615885135 , 920221, 4 
S, 236, 1615885136, 608235, 11
R, 237, 1615885136 , 630600, 4 
S, 237, 1615885137, 358671, 11
R, 238, 1615885137 , 378952, 4 
S, 238, 1615885138, 109035, 11
R, 239, 1615885138 , 168025, 4 
S, 239, 1615885138, 859464, 11
R, 240, 1615885138 , 880945, 4 
S, 240, 1615885139, 609880, 11
R, 241, 1615885139 , 629358, 4 
S, 241, 1615885140, 360264, 11
R, 242, 1615885140 , 424241, 4 
S, 242, 1615885141, 110685, 11
R, 243, 1615885141 , 132176, 4 
S, 243, 1615885141, 861212, 11
R, 244, 1615885141 , 882069, 4 
S, 244, 1615885142, 611625, 11
R, 245, 1615885142 , 673116, 4 
S, 245, 1615885143, 362042, 11
R, 246, 1615885143 , 382753, 4 
S, 246, 1615885144, 112462, 11
R, 247, 1615885144 , 134387, 4 
S, 247, 1615885144, 862859, 11
R, 248, 1615885144 , 924698, 4 
S, 248, 1615885145, 613229, 11
R, 249, 1615885145 , 633974, 4 
S, 249, 1615885146, 363754, 11
R, 250, 1615885146 , 384914, 4 
S, 250, 1615885147, 114146, 11
R, 251, 1615885147 , 176554, 4 
S, 251, 1615885147, 864523, 11
R, 252, 1615885147 , 884352, 4 
S, 252, 1615885148, 614991, 11
R, 253, 1615885148 , 635300, 4 
S, 253, 1615885149, 365386, 11
R, 254, 1615885149 , 425670, 4 
S, 254, 1615885150, 115765, 11
R, 255, 1615885150 , 137976, 4 
S, 255, 1615885150, 866182, 11
R, 256, 1615885150 , 886503, 4 
S, 256, 1615885151, 616597, 11
R, 257, 1615885151 , 676217, 4 
S, 257, 1615885152, 366970, 11
R, 258, 1615885152 , 387872, 4 
S, 258, 1615885153, 117391, 11
R, 259, 1615885153 , 137609, 4 
S, 259, 1615885153, 867822, 11
R, 260, 1615885153 , 932472, 4 
S, 260, 1615885154, 618239, 11
R, 261, 1615885154 , 640205, 4 
S, 261, 1615885155, 368654, 11
R, 262, 1615885155 , 389260, 4 
S, 262, 1615885156, 119072, 11
R, 263, 1615885156 , 184277, 4 
S, 263, 1615885156, 869453, 11
R, 264, 1615885156 , 890910, 4 
S, 264, 1615885157, 619864, 11
R, 265, 1615885157 , 640663, 4 
S, 265, 1615885158, 370279, 11
R, 266, 1615885158 , 436103, 4 
S, 266, 1615885159, 120674, 11
R, 267, 1615885159 , 141301, 4 
S, 267, 1615885159, 871087, 11
R, 268, 1615885159 , 892311, 4 
S, 268, 1615885160, 621499, 11
R, 269, 1615885160 , 680234, 4 
S, 269, 1615885161, 371926, 11
R, 270, 1615885161 , 391852, 4 
S, 270, 1615885162, 122341, 11
R, 271, 1615885162 , 143517, 4 
S, 271, 1615885162, 872721, 11
R, 272, 1615885162 , 932554, 4 
S, 272, 1615885163, 623149, 11
R, 273, 1615885163 , 644213, 4 
S, 273, 1615885164, 373554, 11
R, 274, 1615885164 , 393927, 4 
S, 274, 1615885165, 123974, 11
R, 275, 1615885165 , 184928, 4 
S, 275, 1615885165, 874360, 11
R, 276, 1615885165 , 895419, 4 
S, 276, 1615885166, 624839, 11
R, 277, 1615885166 , 646399, 4 
S, 277, 1615885167, 375254, 11
R, 278, 1615885167 , 436782, 4 
S, 278, 1615885168, 125642, 11
R, 279, 1615885168 , 146524, 4 
S, 279, 1615885168, 876116, 11
R, 280, 1615885168 , 897488, 4 
S, 280, 1615885169, 626502, 11
R, 281, 1615885169 , 688477, 4 
S, 281, 1615885170, 376889, 11
R, 282, 1615885170 , 396909, 4 
S, 282, 1615885171, 127346, 11
R, 283, 1615885171 , 148042, 4 
S, 283, 1615885171, 877743, 11
R, 284, 1615885171 , 940518, 4 
S, 284, 1615885172, 628145, 11
R, 285, 1615885172 , 648337, 4 
S, 285, 1615885173, 378611, 11
R, 286, 1615885173 , 399341, 4 
S, 286, 1615885174, 129003, 11
R, 287, 1615885174 , 192296, 4 
S, 287, 1615885174, 879382, 11
R, 288, 1615885174 , 900103, 4 
S, 288, 1615885175, 629781, 11
R, 289, 1615885175 , 649957, 4 
S, 289, 1615885176, 380223, 11
R, 290, 1615885176 , 440306, 4 
S, 290, 1615885177, 130606, 11
R, 291, 1615885177 , 151987, 4 
S, 291, 1615885177, 881009, 11
R, 292, 1615885177 , 901744, 4 
S, 292, 1615885178, 631433, 11
R, 293, 1615885178 , 692110, 4 
S, 293, 1615885179, 381819, 11
R, 294, 1615885179 , 402440, 4 
S, 294, 1615885180, 132251, 11
R, 295, 1615885180 , 153428, 4 
S, 295, 1615885180, 882614, 11
R, 296, 1615885180 , 945211, 4 
S, 296, 1615885181, 633027, 11
R, 297, 1615885181 , 655556, 4 
S, 297, 1615885182, 383456, 11
R, 298, 1615885182 , 404077, 4 
S, 298, 1615885183, 133894, 11
R, 299, 1615885183 , 196938, 4 
S, 299, 1615885183, 884359, 11
R, 300, 1615885183 , 906005, 4 
S, 300, 1615885184, 634800, 11
R, 301, 1615885184 , 655083, 4 
S, 301, 1615885185, 385174, 11
R, 302, 1615885185 , 448669, 4 
S, 302, 1615885186, 135530, 11
R, 303, 1615885186 , 157213, 4 
S, 303, 1615885186, 885955, 11
R, 304, 1615885186 , 907111, 4 
S, 304, 1615885187, 636360, 11
R, 305, 1615885187 , 696203, 4 
S, 305, 1615885188, 386779, 11
R, 306, 1615885188 , 409086, 4 
S, 306, 1615885189, 137194, 11
R, 307, 1615885189 , 165924, 4 
S, 307, 1615885189, 887570, 11
R, 308, 1615885189 , 947903, 4 
S, 308, 1615885190, 637981, 11
R, 309, 1615885190 , 659034, 4 
S, 309, 1615885191, 388475, 11
R, 310, 1615885191 , 409416, 4 
S, 310, 1615885192, 138859, 11
R, 311, 1615885192 , 201071, 4 
S, 311, 1615885192, 889238, 11
R, 312, 1615885192 , 910824, 4 
S, 312, 1615885193, 639703, 11
R, 313, 1615885193 , 660523, 4 
S, 313, 1615885194, 390086, 11
R, 314, 1615885194 , 452770, 4 
S, 314, 1615885195, 140495, 11
R, 315, 1615885195 , 161186, 4 
S, 315, 1615885195, 890900, 11
R, 316, 1615885195 , 911029, 4 
S, 316, 1615885196, 641325, 11
R, 317, 1615885196 , 704638, 4 
S, 317, 1615885197, 391701, 11
R, 318, 1615885197 , 413014, 4 
S, 318, 1615885198, 142123, 11
R, 319, 1615885198 , 162749, 4 
S, 319, 1615885198, 892574, 11
R, 320, 1615885198 , 956974, 4 
S, 320, 1615885199, 642950, 11
R, 321, 1615885199 , 663412, 4 
S, 321, 1615885200, 393359, 11
R, 322, 1615885200 , 417025, 4 
S, 322, 1615885201, 143771, 11
R, 323, 1615885201 , 208757, 4 
S, 323, 1615885201, 894265, 11
R, 324, 1615885201 , 918648, 4 
S, 324, 1615885202, 644738, 11
R, 325, 1615885202 , 667086, 4 
S, 325, 1615885203, 395121, 11
R, 326, 1615885203 , 456795, 4 
S, 326, 1615885204, 145519, 11
R, 327, 1615885204 , 166475, 4 
S, 327, 1615885204, 895922, 11
R, 328, 1615885204 , 916190, 4 
S, 328, 1615885205, 646297, 11
R, 329, 1615885205 , 708811, 4 
S, 329, 1615885206, 396716, 11
R, 330, 1615885206 , 417839, 4 
S, 330, 1615885207, 147140, 11
R, 331, 1615885207 , 168078, 4 
S, 331, 1615885207, 897524, 11
R, 332, 1615885207 , 956482, 4 
S, 332, 1615885208, 647955, 11
R, 333, 1615885208 , 668085, 4 
S, 333, 1615885209, 398385, 11
R, 334, 1615885209 , 420387, 4 
S, 334, 1615885210, 148758, 11
R, 335, 1615885210 , 208801, 4 
S, 335, 1615885210, 899131, 11
R, 336, 1615885210 , 920550, 4 
S, 336, 1615885211, 649545, 11
R, 337, 1615885211 , 670938, 4 
S, 337, 1615885212, 399928, 11
R, 338, 1615885212 , 460623, 4 
S, 338, 1615885213, 150293, 11
R, 339, 1615885213 , 172310, 4 
S, 339, 1615885213, 900732, 11
R, 340, 1615885213 , 922019, 4 
S, 340, 1615885214, 651120, 11
R, 341, 1615885214 , 712390, 4 
S, 341, 1615885215, 401479, 11
R, 342, 1615885215 , 422074, 4 
S, 342, 1615885216, 151890, 11
R, 343, 1615885216 , 175807, 4 
S, 343, 1615885216, 902278, 11
R, 344, 1615885216 , 965055, 4 
S, 344, 1615885217, 652666, 11
R, 345, 1615885217 , 672818, 4 
S, 345, 1615885218, 403050, 11
R, 346, 1615885218 , 424731, 4 
S, 346, 1615885219, 153483, 11
R, 347, 1615885219 , 213518, 4 
S, 347, 1615885219, 903966, 11
R, 348, 1615885219 , 923933, 4 
S, 348, 1615885220, 654383, 11
R, 349, 1615885220 , 675228, 4 
S, 349, 1615885221, 404796, 11
R, 350, 1615885221 , 464737, 4 
S, 350, 1615885222, 155170, 11
R, 351, 1615885222 , 175091, 4 
S, 351, 1615885222, 905587, 11
R, 352, 1615885222 , 926759, 4 
S, 352, 1615885223, 656008, 11
R, 353, 1615885223 , 716450, 4 
S, 353, 1615885224, 406379, 11
R, 354, 1615885224 , 426790, 4 
S, 354, 1615885225, 156786, 11
R, 355, 1615885225 , 176514, 4 
S, 355, 1615885225, 907189, 11
R, 356, 1615885225 , 968982, 4 
S, 356, 1615885226, 657608, 11
R, 357, 1615885226 , 684444, 4 
S, 357, 1615885227, 408017, 11
R, 358, 1615885227 , 432224, 4 
S, 358, 1615885228, 158400, 11
R, 359, 1615885228 , 224517, 4 
S, 359, 1615885228, 908836, 11
R, 360, 1615885228 , 930319, 4 
S, 360, 1615885229, 659242, 11
R, 361, 1615885229 , 678760, 4 
S, 361, 1615885230, 409622, 11
R, 362, 1615885230 , 472332, 4 
S, 362, 1615885231, 160019, 11
R, 363, 1615885231 , 180802, 4 
S, 363, 1615885231, 910467, 11
R, 364, 1615885231 , 930669, 4 
S, 364, 1615885232, 660846, 11
R, 365, 1615885232 , 721888, 4 
S, 365, 1615885233, 411218, 11
R, 366, 1615885233 , 432680, 4 
S, 366, 1615885234, 161665, 11
R, 367, 1615885234 , 182363, 4 
S, 367, 1615885234, 912034, 11
R, 368, 1615885234 , 973419, 4 
S, 368, 1615885235, 662402, 11
R, 369, 1615885235 , 682597, 4 
S, 369, 1615885236, 412868, 11
R, 370, 1615885236 , 436159, 4 
S, 370, 1615885237, 163238, 11
R, 371, 1615885237 , 225214, 4 
S, 371, 1615885237, 913652, 11
R, 372, 1615885237 , 934317, 4 
S, 372, 1615885238, 664114, 11
R, 373, 1615885238 , 689808, 4 
S, 373, 1615885239, 414500, 11
R, 374, 1615885239 , 476315, 4 
S, 374, 1615885240, 164864, 11
R, 375, 1615885240 , 186018, 4 
S, 375, 1615885240, 915271, 11
R, 376, 1615885240 , 935870, 4 
S, 376, 1615885241, 665699, 11
R, 377, 1615885241 , 725594, 4 
S, 377, 1615885242, 416081, 11
R, 378, 1615885242 , 437217, 4 
S, 378, 1615885243, 166487, 11
R, 379, 1615885243 , 186251, 4 
S, 379, 1615885243, 916910, 11
R, 380, 1615885243 , 977254, 4 
S, 380, 1615885244, 667297, 11
R, 381, 1615885244 , 687607, 4 
S, 381, 1615885245, 417696, 11
R, 382, 1615885245 , 437967, 4 
S, 382, 1615885246, 168074, 11
R, 383, 1615885246 , 229133, 4 
S, 383, 1615885246, 918507, 11
R, 384, 1615885246 , 939014, 4 
S, 384, 1615885247, 668910, 11
R, 385, 1615885247 , 688712, 4 
S, 385, 1615885248, 419274, 11
R, 386, 1615885248 , 484911, 4 
S, 386, 1615885249, 169708, 11
R, 387, 1615885249 , 190049, 4 
S, 387, 1615885249, 920144, 11
R, 388, 1615885249 , 941717, 4 
S, 388, 1615885250, 670523, 11
R, 389, 1615885250 , 737365, 4 
S, 389, 1615885251, 420940, 11
R, 390, 1615885251 , 441928, 4 
S, 390, 1615885252, 171361, 11
R, 391, 1615885252 , 192920, 4 
S, 391, 1615885252, 921772, 11
R, 392, 1615885252 , 985162, 4 
S, 392, 1615885253, 672194, 11
R, 393, 1615885253 , 692907, 4 
S, 393, 1615885254, 422617, 11
R, 394, 1615885254 , 443297, 4 
S, 394, 1615885255, 173005, 11
R, 395, 1615885255 , 232993, 4 
S, 395, 1615885255, 923399, 11
R, 396, 1615885255 , 944766, 4 
S, 396, 1615885256, 673920, 11
R, 397, 1615885256 , 695094, 4 
S, 397, 1615885257, 424296, 11
R, 398, 1615885257 , 484794, 4 
S, 398, 1615885258, 174752, 11
R, 399, 1615885258 , 196456, 4 
S, 399, 1615885258, 925179, 11
R, 400, 1615885258 , 946191, 4 
S, 400, 1615885259, 675611, 11
R, 401, 1615885259 , 737223, 4 
S, 401, 1615885260, 425974, 11
R, 402, 1615885260 , 446920, 4 
S, 402, 1615885261, 176386, 11
R, 403, 1615885261 , 197413, 4 
S, 403, 1615885261, 926864, 11
R, 404, 1615885261 , 988604, 4 
S, 404, 1615885262, 677255, 11
R, 405, 1615885262 , 697682, 4 
S, 405, 1615885263, 427669, 11
R, 406, 1615885263 , 448044, 4 
S, 406, 1615885264, 178098, 11
R, 407, 1615885264 , 240977, 4 
S, 407, 1615885264, 928483, 11
R, 408, 1615885264 , 950756, 4 
S, 408, 1615885265, 678896, 11
R, 409, 1615885265 , 700670, 4 
S, 409, 1615885266, 429295, 11
R, 410, 1615885266 , 489111, 4 
S, 410, 1615885267, 179682, 11
R, 411, 1615885267 , 200616, 4 
S, 411, 1615885267, 930121, 11
R, 412, 1615885267 , 950335, 4 
S, 412, 1615885268, 680542, 11
R, 413, 1615885268 , 744549, 4 
S, 413, 1615885269, 430936, 11
R, 414, 1615885269 , 452289, 4 
S, 414, 1615885270, 181347, 11
R, 415, 1615885270 , 202011, 4 
S, 415, 1615885270, 931730, 11
R, 416, 1615885270 , 993854, 4 
S, 416, 1615885271, 682152, 11
R, 417, 1615885271 , 703483, 4 
S, 417, 1615885272, 432550, 11
R, 418, 1615885272 , 453892, 4 
S, 418, 1615885273, 182963, 11
R, 419, 1615885273 , 245523, 4 
S, 419, 1615885273, 933392, 11
R, 420, 1615885273 , 957145, 4 
S, 420, 1615885274, 683857, 11
R, 421, 1615885274 , 704269, 4 
S, 421, 1615885275, 434218, 11
R, 422, 1615885275 , 501100, 4 
S, 422, 1615885276, 184591, 11
R, 423, 1615885276 , 205141, 4 
S, 423, 1615885276, 935019, 11
R, 424, 1615885276 , 955637, 4 
S, 424, 1615885277, 685385, 11
R, 425, 1615885277 , 745400, 4 
S, 425, 1615885278, 435760, 11
R, 426, 1615885278 , 456998, 4 
S, 426, 1615885279, 186238, 11
R, 427, 1615885279 , 207341, 4 
S, 427, 1615885279, 936646, 11
R, 428, 1615885279 , 997041, 4 
S, 428, 1615885280, 687019, 11
R, 429, 1615885280 , 709470, 4 
S, 429, 1615885281, 437481, 11
R, 430, 1615885281 , 458526, 4 
S, 430, 1615885282, 187860, 11
R, 431, 1615885282 , 248920, 4 
S, 431, 1615885282, 938242, 11
R, 432, 1615885282 , 959918, 4 
S, 432, 1615885283, 688689, 11
R, 433, 1615885283 , 709635, 4 
S, 433, 1615885284, 439087, 11
R, 434, 1615885284 , 501324, 4 
S, 434, 1615885285, 189468, 11
R, 435, 1615885285 , 212979, 4 
S, 435, 1615885285, 939898, 11
R, 436, 1615885285 , 960911, 4 
S, 436, 1615885286, 690336, 11
R, 437, 1615885286 , 753227, 4 
S, 437, 1615885287, 440709, 11
R, 438, 1615885287 , 460965, 4 
S, 438, 1615885288, 191167, 11
R, 439, 1615885288 , 211966, 4 
S, 439, 1615885288, 941607, 11
R, 440, 1615885289 , 4925, 4 
S, 440, 1615885289, 691997, 11
R, 441, 1615885289 , 712697, 4 
S, 441, 1615885290, 442407, 11
R, 442, 1615885290 , 463759, 4 
S, 442, 1615885291, 192767, 11
R, 443, 1615885291 , 253640, 4 
S, 443, 1615885291, 943187, 11
R, 444, 1615885291 , 963343, 4 
S, 444, 1615885292, 693608, 11
R, 445, 1615885292 , 713782, 4 
S, 445, 1615885293, 443984, 11
R, 446, 1615885293 , 508628, 4 
S, 446, 1615885294, 194408, 11
R, 447, 1615885294 , 217693, 4 
S, 447, 1615885294, 944839, 11
R, 448, 1615885294 , 965491, 4 
S, 448, 1615885295, 695219, 11
R, 449, 1615885295 , 761207, 4 
S, 449, 1615885296, 445642, 11
R, 450, 1615885296 , 465679, 4 
S, 450, 1615885297, 196052, 11
R, 451, 1615885297 , 222485, 4 
S, 451, 1615885297, 946455, 11
R, 452, 1615885298 , 12890, 4 
S, 452, 1615885298, 696875, 11
R, 453, 1615885298 , 718047, 4 
S, 453, 1615885299, 447286, 11
R, 454, 1615885299 , 472258, 4 
S, 454, 1615885300, 197674, 11
R, 455, 1615885300 , 256805, 4 
S, 455, 1615885300, 948066, 11
R, 456, 1615885300 , 968593, 4 
S, 456, 1615885301, 698527, 11
R, 457, 1615885301 , 720216, 4 
S, 457, 1615885302, 448894, 11
R, 458, 1615885302 , 508671, 4 
S, 458, 1615885303, 199275, 11
R, 459, 1615885303 , 219672, 4 
S, 459, 1615885303, 949751, 11
R, 460, 1615885303 , 970051, 4 
S, 460, 1615885304, 700124, 11
R, 461, 1615885304 , 765587, 4 
S, 461, 1615885305, 450503, 11
R, 462, 1615885305 , 475916, 4 
S, 462, 1615885306, 200916, 11
R, 463, 1615885306 , 221927, 4 
S, 463, 1615885306, 951345, 11
R, 464, 1615885307 , 13131, 4 
S, 464, 1615885307, 701718, 11
R, 465, 1615885307 , 721549, 4 
S, 465, 1615885308, 452130, 11
R, 466, 1615885308 , 473200, 4 
S, 466, 1615885309, 202565, 11
R, 467, 1615885309 , 268712, 4 
S, 467, 1615885309, 952966, 11
R, 468, 1615885309 , 973216, 4 
S, 468, 1615885310, 703384, 11
R, 469, 1615885310 , 724255, 4 
S, 469, 1615885311, 453877, 11
R, 470, 1615885311 , 521809, 4 
S, 470, 1615885312, 204268, 11
R, 471, 1615885312 , 224424, 4 
S, 471, 1615885312, 954659, 11
R, 472, 1615885312 , 976730, 4 
S, 472, 1615885313, 705073, 11
R, 473, 1615885313 , 765189, 4 
S, 473, 1615885314, 455465, 11
R, 474, 1615885314 , 475538, 4 
S, 474, 1615885315, 205889, 11
R, 475, 1615885315 , 227203, 4 
S, 475, 1615885315, 956304, 11
R, 476, 1615885316 , 16970, 4 
S, 476, 1615885316, 706724, 11
R, 477, 1615885316 , 727317, 4 
S, 477, 1615885317, 457135, 11
R, 478, 1615885317 , 477684, 4 
S, 478, 1615885318, 207511, 11
R, 479, 1615885318 , 269371, 4 
S, 479, 1615885318, 957930, 11
R, 480, 1615885318 , 978488, 4 
S, 480, 1615885319, 708381, 11
R, 481, 1615885319 , 728196, 4 
S, 481, 1615885320, 458751, 11
R, 482, 1615885320 , 525049, 4 
S, 482, 1615885321, 209120, 11
R, 483, 1615885321 , 240685, 4 
S, 483, 1615885321, 959641, 11
R, 484, 1615885321 , 981551, 4 
S, 484, 1615885322, 710038, 11
R, 485, 1615885322 , 768734, 4 
S, 485, 1615885323, 460478, 11
R, 486, 1615885323 , 480991, 4 
S, 486, 1615885324, 210945, 11
R, 487, 1615885324 , 231977, 4 
S, 487, 1615885324, 961322, 11
R, 488, 1615885325 , 21680, 4 
S, 488, 1615885325, 711717, 11
R, 489, 1615885325 , 733504, 4 
S, 489, 1615885326, 462185, 11
R, 490, 1615885326 , 485920, 4 
S, 490, 1615885327, 212573, 11
R, 491, 1615885327 , 277426, 4 
S, 491, 1615885327, 962985, 11
R, 492, 1615885327 , 983945, 4 
S, 492, 1615885328, 713431, 11
R, 493, 1615885328 , 733558, 4 
S, 493, 1615885329, 463863, 11
R, 494, 1615885329 , 524603, 4 
S, 494, 1615885330, 214257, 11
R, 495, 1615885330 , 234340, 4 
S, 495, 1615885330, 964667, 11
R, 496, 1615885330 , 985441, 4 
S, 496, 1615885331, 715078, 11
R, 497, 1615885331 , 777745, 4 
S, 497, 1615885332, 465458, 11
R, 498, 1615885332 , 485499, 4 
S, 498, 1615885333, 215874, 11
R, 499, 1615885333 , 237208, 4 
S, 499, 1615885333, 966305, 11
R, 500, 1615885334 , 33351, 4 
