Type, Id paq, time stamp segundos, micro, long paq 
S, 0, 1615885997, 990913, 10
D, 0, 1615885998, 115145, 10 
R, 0, 1615885998 , 130001, 4 
S, 1, 1615885998, 941771, 10
D, 1, 1615885999, 65087, 10 
R, 1, 1615885999 , 80632, 4 
S, 2, 1615885999, 892573, 10
D, 2, 1615886000, 15164, 10 
R, 2, 1615886000 , 29608, 4 
S, 3, 1615886000, 843295, 10
D, 3, 1615886000, 965087, 10 
R, 3, 1615886000 , 980865, 4 
S, 4, 1615886001, 794010, 10
D, 4, 1615886001, 925233, 10 
R, 4, 1615886001 , 942196, 4 
S, 5, 1615886002, 744739, 10
D, 5, 1615886002, 865107, 10 
R, 5, 1615886002 , 880947, 4 
S, 6, 1615886003, 695398, 10
D, 6, 1615886003, 815084, 10 
R, 6, 1615886003 , 831448, 4 
S, 7, 1615886004, 646055, 10
D, 7, 1615886004, 765096, 10 
R, 7, 1615886004 , 781174, 4 
S, 8, 1615886005, 596755, 10
D, 8, 1615886005, 725183, 10 
R, 8, 1615886005 , 740642, 4 
S, 9, 1615886006, 547401, 10
D, 9, 1615886006, 665110, 10 
R, 9, 1615886006 , 681451, 4 
S, 10, 1615886007, 498113, 10
D, 10, 1615886007, 625082, 10 
R, 10, 1615886007 , 640598, 4 
S, 11, 1615886008, 448767, 10
D, 11, 1615886008, 575121, 10 
R, 11, 1615886008 , 590555, 4 
S, 12, 1615886009, 399492, 10
D, 12, 1615886009, 525069, 10 
R, 12, 1615886009 , 540225, 4 
S, 13, 1615886010, 350166, 10
D, 13, 1615886010, 475112, 10 
R, 13, 1615886010 , 490117, 4 
S, 14, 1615886011, 300839, 10
D, 14, 1615886011, 425103, 10 
R, 14, 1615886011 , 441017, 4 
S, 15, 1615886012, 251544, 10
D, 15, 1615886012, 375154, 10 
R, 15, 1615886012 , 391697, 4 
S, 16, 1615886013, 202245, 10
D, 16, 1615886013, 325109, 10 
R, 16, 1615886013 , 341057, 4 
S, 17, 1615886014, 152898, 10
D, 17, 1615886014, 275100, 10 
R, 17, 1615886014 , 290942, 4 
S, 18, 1615886015, 103551, 10
D, 18, 1615886015, 225093, 10 
R, 18, 1615886015 , 241437, 4 
S, 19, 1615886016, 54305, 10
D, 19, 1615886016, 175115, 10 
R, 19, 1615886016 , 191255, 4 
S, 20, 1615886017, 4953, 10
D, 20, 1615886017, 125193, 10 
R, 20, 1615886017 , 140639, 4 
S, 21, 1615886017, 955636, 10
D, 21, 1615886018, 85052, 10 
R, 21, 1615886018 , 100761, 4 
S, 22, 1615886018, 906286, 10
D, 22, 1615886019, 35140, 10 
R, 22, 1615886019 , 50684, 4 
S, 23, 1615886019, 856938, 10
D, 23, 1615886019, 935107, 10 
R, 24, 1615886019 , 995053, 4 
S, 24, 1615886020, 707550, 10
D, 24, 1615886020, 785037, 10 
R, 25, 1615886020 , 846545, 4 
S, 25, 1615886021, 558111, 10
D, 25, 1615886021, 635073, 10 
R, 26, 1615886021 , 695116, 4 
S, 26, 1615886022, 408713, 10
D, 26, 1615886022, 495054, 10 
R, 27, 1615886022 , 550864, 4 
S, 27, 1615886023, 259267, 10
D, 27, 1615886023, 345024, 10 
R, 28, 1615886023 , 402487, 4 
S, 28, 1615886024, 109811, 10
D, 28, 1615886024, 195033, 10 
R, 29, 1615886024 , 250378, 4 
S, 29, 1615886024, 960361, 10
D, 29, 1615886025, 45072, 10 
R, 30, 1615886025 , 102900, 4 
S, 30, 1615886025, 810970, 10
D, 30, 1615886025, 895133, 10 
R, 31, 1615886025 , 949997, 4 
S, 31, 1615886026, 661533, 10
D, 31, 1615886026, 745098, 10 
R, 32, 1615886026 , 802988, 4 
S, 32, 1615886027, 512131, 10
D, 32, 1615886027, 595169, 10 
R, 33, 1615886027 , 651480, 4 
S, 33, 1615886028, 362667, 10
D, 33, 1615886028, 445115, 10 
R, 34, 1615886028 , 502201, 4 
S, 34, 1615886029, 213215, 10
D, 34, 1615886029, 295055, 10 
R, 35, 1615886029 , 355366, 4 
S, 35, 1615886030, 63753, 10
D, 35, 1615886030, 145044, 10 
R, 36, 1615886030 , 203204, 4 
S, 36, 1615886030, 914367, 10
D, 36, 1615886030, 995049, 10 
R, 37, 1615886031 , 50473, 4 
S, 37, 1615886031, 764925, 10
D, 37, 1615886031, 845310, 10 
R, 38, 1615886031 , 902843, 4 
S, 38, 1615886032, 615499, 10
D, 38, 1615886032, 705029, 10 
R, 39, 1615886032 , 762848, 4 
S, 39, 1615886033, 466043, 10
D, 39, 1615886033, 575094, 10 
R, 39, 1615886033 , 630847, 4 
S, 40, 1615886034, 416685, 10
D, 40, 1615886034, 495067, 10 
R, 41, 1615886034 , 550537, 4 
S, 41, 1615886035, 267236, 10
D, 41, 1615886035, 345074, 10 
R, 42, 1615886035 , 402991, 4 
S, 42, 1615886036, 117843, 10
D, 42, 1615886036, 205065, 10 
R, 43, 1615886036 , 263270, 4 
S, 43, 1615886036, 968397, 10
D, 43, 1615886037, 45066, 10 
R, 44, 1615886037 , 106700, 4 
S, 44, 1615886037, 818993, 10
D, 44, 1615886037, 905059, 10 
R, 45, 1615886037 , 962672, 4 
S, 45, 1615886038, 669567, 10
D, 45, 1615886038, 755081, 10 
R, 46, 1615886038 , 809979, 4 
S, 46, 1615886039, 520131, 10
D, 46, 1615886039, 595053, 10 
R, 47, 1615886039 , 655532, 4 
S, 47, 1615886040, 370664, 10
D, 47, 1615886040, 455111, 10 
R, 48, 1615886040 , 519480, 4 
S, 48, 1615886041, 221252, 10
D, 48, 1615886041, 305169, 10 
R, 49, 1615886041 , 329034, 4 
S, 49, 1615886042, 71908, 10
D, 49, 1615886042, 155058, 10 
R, 49, 1615886042 , 171244, 4 
S, 50, 1615886042, 922466, 10
D, 50, 1615886043, 5088, 10 
R, 50, 1615886043 , 20427, 4 
S, 51, 1615886043, 773006, 10
D, 51, 1615886043, 855111, 10 
R, 51, 1615886043 , 872326, 4 
S, 52, 1615886044, 623538, 10
D, 52, 1615886044, 705531, 10 
R, 52, 1615886044 , 720877, 4 
S, 53, 1615886045, 474124, 10
D, 53, 1615886045, 555049, 10 
R, 53, 1615886045 , 570893, 4 
S, 54, 1615886046, 324667, 10
D, 54, 1615886046, 405109, 10 
R, 54, 1615886046 , 419899, 4 
S, 55, 1615886047, 175270, 10
D, 55, 1615886047, 265032, 10 
R, 56, 1615886047 , 280746, 4 
S, 56, 1615886048, 25826, 10
D, 56, 1615886048, 105046, 10 
R, 56, 1615886048 , 121616, 4 
S, 57, 1615886048, 876360, 10
D, 57, 1615886048, 955081, 10 
R, 57, 1615886048 , 969605, 4 
S, 58, 1615886049, 726909, 10
D, 58, 1615886049, 805121, 10 
R, 58, 1615886049 , 819946, 4 
S, 59, 1615886050, 577510, 10
D, 59, 1615886050, 665024, 10 
R, 60, 1615886050 , 681500, 4 
S, 60, 1615886051, 428044, 10
D, 60, 1615886051, 505112, 10 
R, 60, 1615886051 , 520141, 4 
S, 61, 1615886052, 278663, 10
D, 61, 1615886052, 365044, 10 
R, 62, 1615886052 , 379842, 4 
S, 62, 1615886053, 129209, 10
D, 62, 1615886053, 215068, 10 
R, 63, 1615886053 , 231830, 4 
S, 63, 1615886053, 980286, 10
D, 63, 1615886054, 65085, 10 
R, 63, 1615886054 , 79380, 4 
S, 64, 1615886054, 830830, 10
D, 64, 1615886054, 915097, 10 
R, 64, 1615886054 , 929933, 4 
S, 65, 1615886055, 681425, 10
D, 65, 1615886055, 765048, 10 
R, 65, 1615886055 , 781741, 4 
S, 66, 1615886056, 531984, 10
D, 66, 1615886056, 615073, 10 
R, 66, 1615886056 , 630144, 4 
S, 67, 1615886057, 382591, 10
D, 67, 1615886057, 465034, 10 
R, 67, 1615886057 , 480324, 4 
S, 68, 1615886058, 233156, 10
D, 68, 1615886058, 315054, 10 
R, 68, 1615886058 , 330783, 4 
S, 69, 1615886059, 83700, 10
D, 69, 1615886059, 165151, 10 
R, 69, 1615886059 , 180586, 4 
S, 70, 1615886059, 934243, 10
D, 70, 1615886060, 15085, 10 
R, 70, 1615886060 , 31142, 4 
S, 71, 1615886060, 784845, 10
D, 71, 1615886060, 865220, 10 
R, 71, 1615886060 , 881581, 4 
S, 72, 1615886061, 635386, 10
D, 72, 1615886061, 715091, 10 
R, 72, 1615886061 , 730608, 4 
S, 73, 1615886062, 486000, 10
D, 73, 1615886062, 565040, 10 
R, 73, 1615886062 , 579321, 4 
S, 74, 1615886063, 336586, 10
D, 74, 1615886063, 415080, 10 
R, 74, 1615886063 , 430409, 4 
S, 75, 1615886064, 187136, 10
D, 75, 1615886064, 265032, 10 
R, 75, 1615886064 , 280949, 4 
S, 76, 1615886065, 37659, 10
D, 76, 1615886065, 115079, 10 
R, 76, 1615886065 , 130898, 4 
S, 77, 1615886065, 888256, 10
D, 77, 1615886065, 975069, 10 
R, 78, 1615886065 , 990416, 4 
S, 78, 1615886066, 738914, 10
D, 78, 1615886066, 825064, 10 
R, 79, 1615886066 , 840740, 4 
S, 79, 1615886067, 589515, 10
D, 79, 1615886067, 675085, 10 
R, 80, 1615886067 , 690818, 4 
S, 80, 1615886068, 440077, 10
D, 80, 1615886068, 525079, 10 
R, 81, 1615886068 , 541119, 4 
S, 81, 1615886069, 290667, 10
D, 81, 1615886069, 375149, 10 
R, 81, 1615886069 , 390970, 4 
S, 82, 1615886070, 141295, 10
D, 82, 1615886070, 225070, 10 
R, 82, 1615886070 , 240863, 4 
S, 83, 1615886070, 991898, 10
D, 83, 1615886071, 75029, 10 
R, 83, 1615886071 , 90116, 4 
S, 84, 1615886071, 842445, 10
D, 84, 1615886071, 925048, 10 
R, 84, 1615886071 , 941358, 4 
S, 85, 1615886072, 693062, 10
D, 85, 1615886072, 774322, 10 
R, 85, 1615886072 , 789082, 4 
S, 86, 1615886073, 543609, 10
D, 86, 1615886073, 624258, 10 
R, 86, 1615886073 , 639100, 4 
S, 87, 1615886074, 394135, 10
D, 87, 1615886074, 474236, 10 
R, 87, 1615886074 , 488297, 4 
S, 88, 1615886075, 244679, 10
D, 88, 1615886075, 324249, 10 
R, 88, 1615886075 , 338816, 4 
S, 89, 1615886076, 95285, 10
D, 89, 1615886076, 174236, 10 
R, 89, 1615886076 , 188821, 4 
S, 90, 1615886076, 945841, 10
D, 90, 1615886077, 24263, 10 
R, 90, 1615886077 , 39411, 4 
S, 91, 1615886077, 796459, 10
D, 91, 1615886077, 874293, 10 
R, 91, 1615886077 , 888606, 4 
S, 92, 1615886078, 647000, 10
D, 92, 1615886078, 734245, 10 
R, 93, 1615886078 , 748798, 4 
S, 93, 1615886079, 497531, 10
D, 93, 1615886079, 574232, 10 
R, 93, 1615886079 , 588976, 4 
S, 94, 1615886080, 348069, 10
D, 94, 1615886080, 434255, 10 
R, 95, 1615886080 , 449151, 4 
S, 95, 1615886081, 198685, 10
D, 95, 1615886081, 284451, 10 
R, 95, 1615886081 , 298423, 4 
S, 96, 1615886082, 49243, 10
D, 96, 1615886082, 134247, 10 
R, 96, 1615886082 , 149435, 4 
S, 97, 1615886082, 899809, 10
D, 97, 1615886082, 984252, 10 
R, 97, 1615886082 , 999979, 4 
S, 98, 1615886083, 750338, 10
D, 98, 1615886083, 834259, 10 
R, 98, 1615886083 , 848545, 4 
S, 99, 1615886084, 600869, 10
D, 99, 1615886084, 684238, 10 
R, 99, 1615886084 , 698386, 4 
S, 100, 1615886085, 451412, 10
D, 100, 1615886085, 534250, 10 
R, 100, 1615886085 , 550194, 4 
S, 101, 1615886086, 302021, 10
D, 101, 1615886086, 384268, 10 
R, 101, 1615886086 , 399505, 4 
S, 102, 1615886087, 152620, 10
D, 102, 1615886087, 234257, 10 
R, 102, 1615886087 , 248773, 4 
S, 103, 1615886088, 3171, 10
D, 103, 1615886088, 84237, 10 
R, 103, 1615886088 , 98459, 4 
S, 104, 1615886088, 853705, 10
D, 104, 1615886088, 934237, 10 
R, 104, 1615886088 , 949117, 4 
S, 105, 1615886089, 704265, 10
D, 105, 1615886089, 784258, 10 
R, 105, 1615886089 , 799829, 4 
S, 106, 1615886090, 554814, 10
D, 106, 1615886090, 634245, 10 
R, 106, 1615886090 , 648813, 4 
S, 107, 1615886091, 405382, 10
D, 107, 1615886091, 484252, 10 
R, 107, 1615886091 , 499352, 4 
S, 108, 1615886092, 255982, 10
D, 108, 1615886092, 334259, 10 
R, 108, 1615886092 , 349200, 4 
S, 109, 1615886093, 106524, 10
D, 109, 1615886093, 184255, 10 
R, 109, 1615886093 , 199118, 4 
S, 110, 1615886093, 957108, 10
D, 110, 1615886094, 34246, 10 
R, 110, 1615886094 , 49605, 4 
S, 111, 1615886094, 807669, 10
D, 111, 1615886094, 884262, 10 
R, 111, 1615886094 , 899450, 4 
S, 112, 1615886095, 658260, 10
D, 112, 1615886095, 744251, 10 
R, 113, 1615886095 , 759094, 4 
S, 113, 1615886096, 508796, 10
D, 113, 1615886096, 594293, 10 
R, 113, 1615886096 , 608990, 4 
S, 114, 1615886097, 359392, 10
D, 114, 1615886097, 444244, 10 
R, 114, 1615886097 , 458818, 4 
S, 115, 1615886098, 209933, 10
D, 115, 1615886098, 294247, 10 
R, 115, 1615886098 , 309302, 4 
S, 116, 1615886099, 60514, 10
D, 116, 1615886099, 144228, 10 
R, 116, 1615886099 , 159140, 4 
S, 117, 1615886099, 911067, 10
D, 117, 1615886099, 994256, 10 
R, 117, 1615886100 , 9008, 4 
S, 118, 1615886100, 761671, 10
D, 118, 1615886100, 844267, 10 
R, 118, 1615886100 , 859449, 4 
S, 119, 1615886101, 612217, 10
D, 119, 1615886101, 694266, 10 
R, 119, 1615886101 , 708718, 4 
S, 120, 1615886102, 462866, 10
D, 120, 1615886102, 544238, 10 
R, 120, 1615886102 , 559929, 4 
S, 121, 1615886103, 313428, 10
D, 121, 1615886103, 394241, 10 
R, 121, 1615886103 , 409147, 4 
S, 122, 1615886104, 164031, 10
D, 122, 1615886104, 244260, 10 
R, 122, 1615886104 , 259191, 4 
S, 123, 1615886105, 14571, 10
D, 123, 1615886105, 94220, 10 
R, 123, 1615886105 , 109699, 4 
S, 124, 1615886105, 865169, 10
D, 124, 1615886105, 954229, 10 
R, 125, 1615886105 , 969316, 4 
S, 125, 1615886106, 715700, 10
D, 125, 1615886106, 794216, 10 
R, 125, 1615886106 , 809502, 4 
S, 126, 1615886107, 566288, 10
D, 126, 1615886107, 654234, 10 
R, 127, 1615886107 , 668372, 4 
S, 127, 1615886108, 416861, 10
D, 127, 1615886108, 494209, 10 
R, 127, 1615886108 , 508625, 4 
S, 128, 1615886109, 267410, 10
D, 128, 1615886109, 344216, 10 
R, 128, 1615886109 , 359144, 4 
S, 129, 1615886110, 117937, 10
D, 129, 1615886110, 204264, 10 
R, 130, 1615886110 , 218833, 4 
S, 130, 1615886110, 968819, 10
D, 130, 1615886111, 44246, 10 
R, 130, 1615886111 , 59034, 4 
S, 131, 1615886111, 819348, 10
D, 131, 1615886111, 904226, 10 
R, 132, 1615886111 , 920483, 4 
S, 132, 1615886112, 669939, 10
D, 132, 1615886112, 754221, 10 
R, 132, 1615886112 , 769094, 4 
S, 133, 1615886113, 520486, 10
D, 133, 1615886113, 604223, 10 
R, 133, 1615886113 , 618322, 4 
S, 134, 1615886114, 371033, 10
D, 134, 1615886114, 454242, 10 
R, 134, 1615886114 , 468215, 4 
S, 135, 1615886115, 221573, 10
D, 135, 1615886115, 304241, 10 
R, 135, 1615886115 , 318766, 4 
S, 136, 1615886116, 72174, 10
D, 136, 1615886116, 154215, 10 
R, 136, 1615886116 , 169156, 4 
S, 137, 1615886116, 922708, 10
D, 137, 1615886117, 4238, 10 
R, 137, 1615886117 , 18593, 4 
S, 138, 1615886117, 773301, 10
D, 138, 1615886117, 854247, 10 
R, 138, 1615886117 , 869670, 4 
S, 139, 1615886118, 623879, 10
D, 139, 1615886118, 704220, 10 
R, 139, 1615886118 , 718944, 4 
S, 140, 1615886119, 474411, 10
D, 140, 1615886119, 554249, 10 
R, 140, 1615886119 , 568861, 4 
S, 141, 1615886120, 324952, 10
D, 141, 1615886120, 404279, 10 
R, 141, 1615886120 , 418712, 4 
S, 142, 1615886121, 175567, 10
D, 142, 1615886121, 264265, 10 
R, 143, 1615886121 , 281302, 4 
S, 143, 1615886122, 26122, 10
D, 143, 1615886122, 114257, 10 
R, 144, 1615886122 , 129257, 4 
S, 144, 1615886122, 876735, 10
D, 144, 1615886122, 954246, 10 
R, 144, 1615886122 , 969308, 4 
S, 145, 1615886123, 727300, 10
D, 145, 1615886123, 804337, 10 
R, 145, 1615886123 , 818465, 4 
S, 146, 1615886124, 577861, 10
D, 146, 1615886124, 654374, 10 
R, 146, 1615886124 , 667687, 4 
S, 147, 1615886125, 428410, 10
D, 147, 1615886125, 514340, 10 
R, 147, 1615886125 , 528510, 4 
S, 148, 1615886126, 279020, 10
D, 148, 1615886126, 364394, 10 
R, 148, 1615886126 , 379013, 4 
S, 149, 1615886127, 129595, 10
D, 149, 1615886127, 214353, 10 
R, 149, 1615886127 , 228373, 4 
S, 150, 1615886127, 980158, 10
D, 150, 1615886128, 64334, 10 
R, 150, 1615886128 , 78818, 4 
S, 151, 1615886128, 830757, 10
D, 151, 1615886128, 914375, 10 
R, 151, 1615886128 , 928659, 4 
S, 152, 1615886129, 681331, 10
D, 152, 1615886129, 764361, 10 
R, 152, 1615886129 , 779160, 4 
S, 153, 1615886130, 531870, 10
D, 153, 1615886130, 614372, 10 
R, 153, 1615886130 , 629640, 4 
S, 154, 1615886131, 382451, 10
D, 154, 1615886131, 464332, 10 
R, 154, 1615886131 , 478865, 4 
S, 155, 1615886132, 233054, 10
D, 155, 1615886132, 324316, 10 
R, 156, 1615886132 , 339187, 4 
S, 156, 1615886133, 83639, 10
D, 156, 1615886133, 164339, 10 
R, 156, 1615886133 , 179294, 4 
S, 157, 1615886133, 934211, 10
D, 157, 1615886134, 14314, 10 
R, 157, 1615886134 , 28031, 4 
S, 158, 1615886134, 784768, 10
D, 158, 1615886134, 864336, 10 
R, 158, 1615886134 , 878624, 4 
S, 159, 1615886135, 635305, 10
D, 159, 1615886135, 714320, 10 
R, 159, 1615886135 , 728458, 4 
S, 160, 1615886136, 485903, 10
D, 160, 1615886136, 564361, 10 
R, 160, 1615886136 , 578959, 4 
S, 161, 1615886137, 336515, 10
D, 161, 1615886137, 414372, 10 
R, 161, 1615886137 , 428297, 4 
S, 162, 1615886138, 187082, 10
D, 162, 1615886138, 264283, 10 
R, 162, 1615886138 , 278051, 4 
S, 163, 1615886139, 37649, 10
D, 163, 1615886139, 124305, 10 
R, 164, 1615886139 , 138872, 4 
S, 164, 1615886139, 888179, 10
D, 164, 1615886139, 974363, 10 
R, 165, 1615886139 , 989846, 4 
S, 165, 1615886140, 738730, 10
D, 165, 1615886140, 824324, 10 
R, 165, 1615886140 , 838431, 4 
S, 166, 1615886141, 589297, 10
D, 166, 1615886141, 674340, 10 
R, 166, 1615886141 , 689518, 4 
S, 167, 1615886142, 439902, 10
D, 167, 1615886142, 524331, 10 
R, 167, 1615886142 , 538259, 4 
S, 168, 1615886143, 290467, 10
D, 168, 1615886143, 374350, 10 
R, 168, 1615886143 , 389318, 4 
S, 169, 1615886144, 141028, 10
D, 169, 1615886144, 224308, 10 
R, 169, 1615886144 , 238534, 4 
S, 170, 1615886144, 991579, 10
D, 170, 1615886145, 74363, 10 
R, 170, 1615886145 , 89671, 4 
S, 171, 1615886145, 842185, 10
D, 171, 1615886145, 924324, 10 
R, 171, 1615886145 , 937593, 4 
S, 172, 1615886146, 692741, 10
D, 172, 1615886146, 774400, 10 
R, 172, 1615886146 , 790065, 4 
S, 173, 1615886147, 543355, 10
D, 173, 1615886147, 624350, 10 
R, 173, 1615886147 , 640080, 4 
S, 174, 1615886148, 393932, 10
D, 174, 1615886148, 474322, 10 
R, 174, 1615886148 , 489241, 4 
S, 175, 1615886149, 244495, 10
D, 175, 1615886149, 324315, 10 
R, 175, 1615886149 , 339860, 4 
S, 176, 1615886150, 95047, 10
D, 176, 1615886150, 174362, 10 
R, 176, 1615886150 , 187749, 4 
S, 177, 1615886150, 945654, 10
D, 177, 1615886151, 24317, 10 
R, 177, 1615886151 , 38904, 4 
S, 178, 1615886151, 796222, 10
D, 178, 1615886151, 874346, 10 
R, 178, 1615886151 , 890021, 4 
S, 179, 1615886152, 646838, 10
D, 179, 1615886152, 724259, 10 
R, 179, 1615886152 , 738158, 4 
S, 180, 1615886153, 497386, 10
D, 180, 1615886153, 584313, 10 
R, 181, 1615886153 , 598311, 4 
S, 181, 1615886154, 347965, 10
D, 181, 1615886154, 424255, 10 
R, 181, 1615886154 , 438296, 4 
S, 182, 1615886155, 198516, 10
D, 182, 1615886155, 284363, 10 
R, 183, 1615886155 , 299782, 4 
S, 183, 1615886156, 49144, 10
D, 183, 1615886156, 134364, 10 
R, 183, 1615886156 , 148279, 4 
S, 184, 1615886156, 899693, 10
D, 184, 1615886156, 984383, 10 
R, 184, 1615886157 , 73, 4 
S, 185, 1615886157, 750301, 10
D, 185, 1615886157, 834347, 10 
R, 185, 1615886157 , 848133, 4 
S, 186, 1615886158, 600858, 10
D, 186, 1615886158, 684333, 10 
R, 186, 1615886158 , 699243, 4 
S, 187, 1615886159, 451419, 10
D, 187, 1615886159, 534358, 10 
R, 187, 1615886159 , 548888, 4 
S, 188, 1615886160, 301984, 10
D, 188, 1615886160, 384317, 10 
R, 188, 1615886160 , 397742, 4 
S, 189, 1615886161, 152629, 10
D, 189, 1615886161, 234335, 10 
R, 189, 1615886161 , 249655, 4 
S, 190, 1615886162, 3194, 10
D, 190, 1615886162, 84327, 10 
R, 190, 1615886162 , 98248, 4 
S, 191, 1615886162, 853862, 10
D, 191, 1615886162, 934347, 10 
R, 191, 1615886162 , 948397, 4 
S, 192, 1615886163, 704402, 10
D, 192, 1615886163, 784938, 10 
R, 192, 1615886163 , 800350, 4 
S, 193, 1615886164, 555001, 10
D, 193, 1615886164, 634886, 10 
R, 193, 1615886164 , 650809, 4 
S, 194, 1615886165, 405550, 10
D, 194, 1615886165, 484933, 10 
R, 194, 1615886165 , 500514, 4 
S, 195, 1615886166, 256168, 10
D, 195, 1615886166, 334987, 10 
R, 195, 1615886166 , 350402, 4 
S, 196, 1615886167, 106717, 10
D, 196, 1615886167, 184864, 10 
R, 196, 1615886167 , 199681, 4 
S, 197, 1615886167, 957305, 10
D, 197, 1615886168, 44961, 10 
R, 198, 1615886168 , 81284, 4 
S, 198, 1615886168, 829295, 10
D, 198, 1615886168, 914861, 10 
R, 199, 1615886168 , 930292, 4 
S, 199, 1615886169, 679879, 10
D, 199, 1615886169, 764958, 10 
R, 200, 1615886169 , 780757, 4 
S, 200, 1615886170, 530437, 10
D, 200, 1615886170, 614926, 10 
R, 200, 1615886170 , 629526, 4 
S, 201, 1615886171, 381068, 10
D, 201, 1615886171, 464932, 10 
R, 201, 1615886171 , 480150, 4 
S, 202, 1615886172, 231671, 10
D, 202, 1615886172, 315072, 10 
R, 202, 1615886172 , 331582, 4 
S, 203, 1615886173, 82200, 10
D, 203, 1615886173, 165111, 10 
R, 203, 1615886173 , 180993, 4 
S, 204, 1615886173, 932757, 10
D, 204, 1615886174, 15160, 10 
R, 204, 1615886174 , 30652, 4 
S, 205, 1615886174, 783317, 10
D, 205, 1615886174, 865124, 10 
R, 205, 1615886174 , 881181, 4 
S, 206, 1615886175, 633960, 10
D, 206, 1615886175, 715219, 10 
R, 206, 1615886175 , 732328, 4 
S, 207, 1615886176, 484589, 10
D, 207, 1615886176, 565127, 10 
R, 207, 1615886176 , 580208, 4 
S, 208, 1615886177, 335183, 10
D, 208, 1615886177, 415108, 10 
R, 208, 1615886177 , 430836, 4 
S, 209, 1615886178, 185729, 10
D, 209, 1615886178, 265047, 10 
R, 209, 1615886178 , 280994, 4 
S, 210, 1615886179, 36289, 10
D, 210, 1615886179, 115063, 10 
R, 210, 1615886179 , 129936, 4 
S, 211, 1615886179, 886835, 10
D, 211, 1615886179, 965044, 10 
R, 211, 1615886179 , 979950, 4 
S, 212, 1615886180, 737380, 10
D, 212, 1615886180, 825145, 10 
R, 213, 1615886180 , 841490, 4 
S, 213, 1615886181, 587968, 10
D, 213, 1615886181, 665049, 10 
R, 213, 1615886181 , 681009, 4 
S, 214, 1615886182, 438572, 10
D, 214, 1615886182, 525113, 10 
R, 215, 1615886182 , 540749, 4 
S, 215, 1615886183, 289254, 10
D, 215, 1615886183, 375123, 10 
R, 216, 1615886183 , 391604, 4 
S, 216, 1615886184, 139891, 10
D, 216, 1615886184, 225109, 10 
R, 216, 1615886184 , 239805, 4 
S, 217, 1615886184, 990450, 10
D, 217, 1615886185, 75252, 10 
R, 217, 1615886185 , 90404, 4 
S, 218, 1615886185, 840982, 10
D, 218, 1615886185, 925227, 10 
R, 218, 1615886185 , 940187, 4 
S, 219, 1615886186, 691540, 10
D, 219, 1615886186, 775218, 10 
R, 219, 1615886186 , 790773, 4 
S, 220, 1615886187, 542144, 10
D, 220, 1615886187, 625094, 10 
R, 220, 1615886187 , 639971, 4 
S, 221, 1615886188, 392685, 10
D, 221, 1615886188, 475093, 10 
R, 221, 1615886188 , 489983, 4 
S, 222, 1615886189, 243247, 10
D, 222, 1615886189, 325092, 10 
R, 222, 1615886189 , 341529, 4 
S, 223, 1615886190, 93873, 10
D, 223, 1615886190, 175194, 10 
R, 223, 1615886190 , 191409, 4 
S, 224, 1615886190, 944476, 10
D, 224, 1615886191, 25109, 10 
R, 224, 1615886191 , 41221, 4 
S, 225, 1615886191, 795025, 10
D, 225, 1615886191, 875109, 10 
R, 225, 1615886191 , 890485, 4 
S, 226, 1615886192, 645628, 10
D, 226, 1615886192, 725085, 10 
R, 226, 1615886192 , 741143, 4 
S, 227, 1615886193, 496163, 10
D, 227, 1615886193, 575131, 10 
R, 227, 1615886193 , 590586, 4 
S, 228, 1615886194, 346695, 10
D, 228, 1615886194, 435154, 10 
R, 229, 1615886194 , 451387, 4 
S, 229, 1615886195, 197255, 10
D, 229, 1615886195, 275052, 10 
R, 229, 1615886195 , 289497, 4 
S, 230, 1615886196, 47859, 10
D, 230, 1615886196, 135207, 10 
R, 231, 1615886196 , 150518, 4 
S, 231, 1615886196, 899040, 10
D, 231, 1615886196, 985073, 10 
R, 232, 1615886197 , 45, 4 
S, 232, 1615886197, 749649, 10
D, 232, 1615886197, 825044, 10 
R, 232, 1615886197 , 839736, 4 
S, 233, 1615886198, 600200, 10
D, 233, 1615886198, 685800, 10 
R, 233, 1615886198 , 699989, 4 
S, 234, 1615886199, 450751, 10
D, 234, 1615886199, 535137, 10 
R, 234, 1615886199 , 550536, 4 
S, 235, 1615886200, 301292, 10
D, 235, 1615886200, 385122, 10 
R, 235, 1615886200 , 401464, 4 
S, 236, 1615886201, 151907, 10
D, 236, 1615886201, 235069, 10 
R, 236, 1615886201 , 251357, 4 
S, 237, 1615886202, 2460, 10
D, 237, 1615886202, 85135, 10 
R, 237, 1615886202 , 101249, 4 
S, 238, 1615886202, 853069, 10
D, 238, 1615886202, 935113, 10 
R, 238, 1615886202 , 951172, 4 
S, 239, 1615886203, 703614, 10
D, 239, 1615886203, 785182, 10 
R, 239, 1615886203 , 801870, 4 
S, 240, 1615886204, 554146, 10
D, 240, 1615886204, 635146, 10 
R, 240, 1615886204 , 650748, 4 
S, 241, 1615886205, 404698, 10
D, 241, 1615886205, 485126, 10 
R, 241, 1615886205 , 499980, 4 
S, 242, 1615886206, 255310, 10
D, 242, 1615886206, 335134, 10 
R, 242, 1615886206 , 350470, 4 
S, 243, 1615886207, 105873, 10
D, 243, 1615886207, 185118, 10 
R, 243, 1615886207 , 200515, 4 
S, 244, 1615886207, 956485, 10
D, 244, 1615886208, 35050, 10 
R, 244, 1615886208 , 51039, 4 
S, 245, 1615886208, 807029, 10
D, 245, 1615886208, 885046, 10 
R, 245, 1615886208 , 900553, 4 
S, 246, 1615886209, 657577, 10
D, 246, 1615886209, 745204, 10 
R, 247, 1615886209 , 760667, 4 
S, 247, 1615886210, 508122, 10
D, 247, 1615886210, 595153, 10 
R, 248, 1615886210 , 610384, 4 
S, 248, 1615886211, 358828, 10
D, 248, 1615886211, 445516, 10 
R, 249, 1615886211 , 460197, 4 
S, 249, 1615886212, 209379, 10
D, 249, 1615886212, 295167, 10 
R, 250, 1615886212 , 310818, 4 
S, 250, 1615886213, 59936, 10
D, 250, 1615886213, 145153, 10 
R, 250, 1615886213 , 159971, 4 
S, 251, 1615886213, 910472, 10
D, 251, 1615886213, 995112, 10 
R, 251, 1615886214 , 10016, 4 
S, 252, 1615886214, 761020, 10
D, 252, 1615886214, 845134, 10 
R, 252, 1615886214 , 860290, 4 
S, 253, 1615886215, 611572, 10
D, 253, 1615886215, 695133, 10 
R, 253, 1615886215 , 711475, 4 
S, 254, 1615886216, 462182, 10
D, 254, 1615886216, 545138, 10 
R, 254, 1615886216 , 561964, 4 
S, 255, 1615886217, 312780, 10
D, 255, 1615886217, 395080, 10 
R, 255, 1615886217 , 411204, 4 
S, 256, 1615886218, 163335, 10
D, 256, 1615886218, 245091, 10 
R, 256, 1615886218 , 261718, 4 
S, 257, 1615886219, 13917, 10
D, 257, 1615886219, 95108, 10 
R, 257, 1615886219 , 111751, 4 
S, 258, 1615886219, 864458, 10
D, 258, 1615886219, 945107, 10 
R, 258, 1615886219 , 961419, 4 
S, 259, 1615886220, 715014, 10
D, 259, 1615886220, 795283, 10 
R, 259, 1615886220 , 811260, 4 
S, 260, 1615886221, 565685, 10
D, 260, 1615886221, 644588, 10 
R, 260, 1615886221 , 658666, 4 
S, 261, 1615886222, 416387, 10
D, 261, 1615886222, 494313, 10 
R, 261, 1615886222 , 509205, 4 
S, 262, 1615886223, 266997, 10
D, 262, 1615886223, 355215, 10 
R, 263, 1615886223 , 370199, 4 
S, 263, 1615886224, 117539, 10
D, 263, 1615886224, 195073, 10 
R, 263, 1615886224 , 210523, 4 
S, 264, 1615886224, 968098, 10
D, 264, 1615886225, 45064, 10 
R, 264, 1615886225 , 59546, 4 
S, 265, 1615886225, 818634, 10
D, 265, 1615886225, 905154, 10 
R, 266, 1615886225 , 921118, 4 
S, 266, 1615886226, 669640, 10
D, 266, 1615886226, 754312, 10 
R, 266, 1615886226 , 769868, 4 
S, 267, 1615886227, 520338, 10
D, 267, 1615886227, 604263, 10 
R, 267, 1615886227 , 619224, 4 
S, 268, 1615886228, 370913, 10
D, 268, 1615886228, 454323, 10 
R, 268, 1615886228 , 469206, 4 
S, 269, 1615886229, 221472, 10
D, 269, 1615886229, 304292, 10 
R, 269, 1615886229 , 319193, 4 
S, 270, 1615886230, 72091, 10
D, 270, 1615886230, 154411, 10 
R, 270, 1615886230 , 169559, 4 
S, 271, 1615886230, 922665, 10
D, 271, 1615886231, 4299, 10 
R, 271, 1615886231 , 18093, 4 
S, 272, 1615886231, 773221, 10
D, 272, 1615886231, 864371, 10 
R, 273, 1615886231 , 877637, 4 
S, 273, 1615886232, 623903, 10
D, 273, 1615886232, 704313, 10 
R, 273, 1615886232 , 718641, 4 
S, 274, 1615886233, 474441, 10
D, 274, 1615886233, 554310, 10 
R, 274, 1615886233 , 568379, 4 
S, 275, 1615886234, 324993, 10
D, 275, 1615886234, 404327, 10 
R, 275, 1615886234 , 420205, 4 
S, 276, 1615886235, 175548, 10
D, 276, 1615886235, 254361, 10 
R, 276, 1615886235 , 269466, 4 
S, 277, 1615886236, 26141, 10
D, 277, 1615886236, 104273, 10 
R, 277, 1615886236 , 119126, 4 
S, 278, 1615886236, 876695, 10
D, 278, 1615886236, 954266, 10 
R, 278, 1615886236 , 968690, 4 
S, 279, 1615886237, 727302, 10
D, 279, 1615886237, 804277, 10 
R, 279, 1615886237 , 818000, 4 
S, 280, 1615886238, 577837, 10
D, 280, 1615886238, 654309, 10 
R, 280, 1615886238 , 668678, 4 
S, 281, 1615886239, 428485, 10
D, 281, 1615886239, 514314, 10 
R, 282, 1615886239 , 529192, 4 
S, 282, 1615886240, 279247, 10
D, 282, 1615886240, 364313, 10 
R, 282, 1615886240 , 378898, 4 
S, 283, 1615886241, 129864, 10
D, 283, 1615886241, 214473, 10 
R, 283, 1615886241 , 228766, 4 
S, 284, 1615886241, 980418, 10
D, 284, 1615886242, 64525, 10 
R, 284, 1615886242 , 78821, 4 
S, 285, 1615886242, 831026, 10
D, 285, 1615886242, 914492, 10 
R, 285, 1615886242 , 929957, 4 
S, 286, 1615886243, 681582, 10
D, 286, 1615886243, 764503, 10 
R, 286, 1615886243 , 779967, 4 
S, 287, 1615886244, 532139, 10
D, 287, 1615886244, 614394, 10 
R, 287, 1615886244 , 629445, 4 
S, 288, 1615886245, 382737, 10
D, 288, 1615886245, 464323, 10 
R, 288, 1615886245 , 479308, 4 
S, 289, 1615886246, 233364, 10
D, 289, 1615886246, 314484, 10 
R, 289, 1615886246 , 327985, 4 
S, 290, 1615886247, 83953, 10
D, 290, 1615886247, 164557, 10 
R, 290, 1615886247 , 179224, 4 
S, 291, 1615886247, 934568, 10
D, 291, 1615886248, 14566, 10 
R, 291, 1615886248 , 29644, 4 
S, 292, 1615886248, 785173, 10
D, 292, 1615886248, 864420, 10 
R, 292, 1615886248 , 879478, 4 
S, 293, 1615886249, 635736, 10
D, 293, 1615886249, 714499, 10 
R, 293, 1615886249 , 728783, 4 
S, 294, 1615886250, 486298, 10
D, 294, 1615886250, 564559, 10 
R, 294, 1615886250 , 578516, 4 
S, 295, 1615886251, 336923, 10
D, 295, 1615886251, 414481, 10 
R, 295, 1615886251 , 429673, 4 
S, 296, 1615886252, 187485, 10
D, 296, 1615886252, 264494, 10 
R, 296, 1615886252 , 279639, 4 
S, 297, 1615886253, 38077, 10
D, 297, 1615886253, 124495, 10 
R, 297, 1615886253 , 138607, 4 
S, 298, 1615886253, 888949, 10
D, 298, 1615886253, 974495, 10 
R, 298, 1615886253 , 988479, 4 
S, 299, 1615886254, 739509, 10
D, 299, 1615886254, 824547, 10 
R, 299, 1615886254 , 839786, 4 
S, 300, 1615886255, 590239, 10
D, 300, 1615886255, 674503, 10 
R, 300, 1615886255 , 688827, 4 
S, 301, 1615886256, 440855, 10
D, 301, 1615886256, 524613, 10 
R, 301, 1615886256 , 539455, 4 
S, 302, 1615886257, 291411, 10
D, 302, 1615886257, 374504, 10 
R, 302, 1615886257 , 390001, 4 
S, 303, 1615886258, 141986, 10
D, 303, 1615886258, 224493, 10 
R, 303, 1615886258 , 239688, 4 
S, 304, 1615886258, 992539, 10
D, 304, 1615886259, 74551, 10 
R, 304, 1615886259 , 89500, 4 
S, 305, 1615886259, 843097, 10
D, 305, 1615886259, 924615, 10 
R, 305, 1615886259 , 939608, 4 
S, 306, 1615886260, 693734, 10
D, 306, 1615886260, 774914, 10 
R, 306, 1615886260 , 789230, 4 
S, 307, 1615886261, 544362, 10
D, 307, 1615886261, 624618, 10 
R, 307, 1615886261 , 638537, 4 
S, 308, 1615886262, 394979, 10
D, 308, 1615886262, 474627, 10 
R, 308, 1615886262 , 489055, 4 
S, 309, 1615886263, 245547, 10
D, 309, 1615886263, 324615, 10 
R, 309, 1615886263 , 338877, 4 
S, 310, 1615886264, 96127, 10
D, 310, 1615886264, 174664, 10 
R, 310, 1615886264 , 188732, 4 
S, 311, 1615886264, 946704, 10
D, 311, 1615886265, 24595, 10 
R, 311, 1615886265 , 39358, 4 
S, 312, 1615886265, 797293, 10
D, 312, 1615886265, 874568, 10 
R, 312, 1615886265 , 889807, 4 
S, 313, 1615886266, 647937, 10
D, 313, 1615886266, 734655, 10 
R, 314, 1615886266 , 749357, 4 
S, 314, 1615886267, 498551, 10
D, 314, 1615886267, 584606, 10 
R, 314, 1615886267 , 598019, 4 
S, 315, 1615886268, 349123, 10
D, 315, 1615886268, 434834, 10 
R, 316, 1615886268 , 451419, 4 
S, 316, 1615886269, 199698, 10
D, 316, 1615886269, 285169, 10 
R, 317, 1615886269 , 301446, 4 
S, 317, 1615886270, 50306, 10
D, 317, 1615886270, 135114, 10 
R, 318, 1615886270 , 152085, 4 
S, 318, 1615886270, 900878, 10
D, 318, 1615886270, 985053, 10 
R, 318, 1615886271 , 330, 4 
S, 319, 1615886271, 751511, 10
D, 319, 1615886271, 835213, 10 
R, 319, 1615886271 , 850745, 4 
S, 320, 1615886272, 602122, 10
D, 320, 1615886272, 685073, 10 
R, 320, 1615886272 , 701917, 4 
S, 321, 1615886273, 452678, 10
D, 321, 1615886273, 535165, 10 
R, 321, 1615886273 , 551231, 4 
S, 322, 1615886274, 303245, 10
D, 322, 1615886274, 384603, 10 
R, 322, 1615886274 , 399084, 4 
S, 323, 1615886275, 153876, 10
D, 323, 1615886275, 237382, 10 
R, 323, 1615886275 , 252379, 4 
S, 324, 1615886276, 4428, 10
D, 324, 1615886276, 84319, 10 
R, 324, 1615886276 , 97522, 4 
S, 325, 1615886276, 855013, 10
D, 325, 1615886276, 944313, 10 
R, 326, 1615886276 , 958983, 4 
S, 326, 1615886277, 705626, 10
D, 326, 1615886277, 784258, 10 
R, 326, 1615886277 , 798672, 4 
S, 327, 1615886278, 556175, 10
D, 327, 1615886278, 634581, 10 
R, 327, 1615886278 , 648907, 4 
S, 328, 1615886279, 406720, 10
D, 328, 1615886279, 484538, 10 
R, 328, 1615886279 , 499507, 4 
S, 329, 1615886280, 257262, 10
D, 329, 1615886280, 344600, 10 
R, 330, 1615886280 , 359543, 4 
S, 330, 1615886281, 107866, 10
D, 330, 1615886281, 184680, 10 
R, 330, 1615886281 , 199355, 4 
S, 331, 1615886281, 958538, 10
D, 331, 1615886282, 44759, 10 
R, 331, 1615886282 , 58883, 4 
S, 332, 1615886282, 809282, 10
D, 332, 1615886282, 895909, 10 
R, 333, 1615886282 , 912340, 4 
S, 333, 1615886283, 661199, 10
D, 333, 1615886283, 744810, 10 
R, 334, 1615886283 , 765797, 4 
S, 334, 1615886284, 511740, 10
D, 334, 1615886284, 594766, 10 
R, 334, 1615886284 , 611005, 4 
S, 335, 1615886285, 362289, 10
D, 335, 1615886285, 444807, 10 
R, 335, 1615886285 , 461886, 4 
S, 336, 1615886286, 212945, 10
D, 336, 1615886286, 304801, 10 
R, 337, 1615886286 , 321862, 4 
S, 337, 1615886287, 63523, 10
D, 337, 1615886287, 154779, 10 
R, 338, 1615886287 , 171018, 4 
S, 338, 1615886287, 914233, 10
D, 338, 1615886287, 994845, 10 
R, 338, 1615886288 , 11210, 4 
S, 339, 1615886288, 764779, 10
D, 339, 1615886288, 844822, 10 
R, 339, 1615886288 , 861060, 4 
S, 340, 1615886289, 615336, 10
D, 340, 1615886289, 694795, 10 
R, 340, 1615886289 , 711481, 4 
S, 341, 1615886290, 465890, 10
D, 341, 1615886290, 544829, 10 
R, 341, 1615886290 , 561759, 4 
S, 342, 1615886291, 316496, 10
D, 342, 1615886291, 404773, 10 
R, 343, 1615886291 , 420745, 4 
S, 343, 1615886292, 167056, 10
D, 343, 1615886292, 254395, 10 
R, 344, 1615886292 , 270210, 4 
S, 344, 1615886293, 17679, 10
D, 344, 1615886293, 104255, 10 
R, 345, 1615886293 , 119824, 4 
S, 345, 1615886293, 868239, 10
D, 345, 1615886293, 954273, 10 
R, 346, 1615886293 , 970361, 4 
S, 346, 1615886294, 718774, 10
D, 346, 1615886294, 804274, 10 
R, 346, 1615886294 , 818914, 4 
S, 347, 1615886295, 569457, 10
D, 347, 1615886295, 654417, 10 
R, 347, 1615886295 , 669795, 4 
S, 348, 1615886296, 420069, 10
D, 348, 1615886296, 504338, 10 
R, 348, 1615886296 , 519197, 4 
S, 349, 1615886297, 270732, 10
D, 349, 1615886297, 354304, 10 
R, 349, 1615886297 , 369224, 4 
S, 350, 1615886298, 121331, 10
D, 350, 1615886298, 204261, 10 
R, 350, 1615886298 , 218996, 4 
S, 351, 1615886298, 971889, 10
D, 351, 1615886299, 54322, 10 
R, 351, 1615886299 , 69059, 4 
S, 352, 1615886299, 822444, 10
D, 352, 1615886299, 904277, 10 
R, 352, 1615886299 , 919525, 4 
S, 353, 1615886300, 672997, 10
D, 353, 1615886300, 754285, 10 
R, 353, 1615886300 , 770079, 4 
S, 354, 1615886301, 523612, 10
D, 354, 1615886301, 604353, 10 
R, 354, 1615886301 , 619246, 4 
S, 355, 1615886302, 374169, 10
D, 355, 1615886302, 454322, 10 
R, 355, 1615886302 , 470538, 4 
S, 356, 1615886303, 224759, 10
D, 356, 1615886303, 314268, 10 
R, 357, 1615886303 , 330035, 4 
S, 357, 1615886304, 75321, 10
D, 357, 1615886304, 164279, 10 
R, 358, 1615886304 , 178524, 4 
S, 358, 1615886304, 925869, 10
D, 358, 1615886305, 4257, 10 
R, 358, 1615886305 , 18713, 4 
S, 359, 1615886305, 776464, 10
D, 359, 1615886305, 864301, 10 
R, 360, 1615886305 , 879636, 4 
S, 360, 1615886306, 627099, 10
D, 360, 1615886306, 704305, 10 
R, 360, 1615886306 , 720472, 4 
S, 361, 1615886307, 477719, 10
D, 361, 1615886307, 564280, 10 
R, 362, 1615886307 , 579459, 4 
S, 362, 1615886308, 328267, 10
D, 362, 1615886308, 414308, 10 
R, 363, 1615886308 , 429354, 4 
S, 363, 1615886309, 178869, 10
D, 363, 1615886309, 264347, 10 
R, 364, 1615886309 , 279756, 4 
S, 364, 1615886310, 29437, 10
D, 364, 1615886310, 114245, 10 
R, 364, 1615886310 , 128829, 4 
S, 365, 1615886310, 880124, 10
D, 365, 1615886310, 964339, 10 
R, 365, 1615886310 , 980123, 4 
S, 366, 1615886311, 730756, 10
D, 366, 1615886311, 814334, 10 
R, 366, 1615886311 , 830549, 4 
S, 367, 1615886312, 581370, 10
D, 367, 1615886312, 664357, 10 
R, 367, 1615886312 , 679889, 4 
S, 368, 1615886313, 431914, 10
D, 368, 1615886313, 514289, 10 
R, 368, 1615886313 , 530407, 4 
S, 369, 1615886314, 282482, 10
D, 369, 1615886314, 364279, 10 
R, 369, 1615886314 , 380414, 4 
S, 370, 1615886315, 133040, 10
D, 370, 1615886315, 214302, 10 
R, 370, 1615886315 , 229599, 4 
S, 371, 1615886315, 983610, 10
D, 371, 1615886316, 64303, 10 
R, 371, 1615886316 , 78881, 4 
S, 372, 1615886316, 834248, 10
D, 372, 1615886316, 914410, 10 
R, 372, 1615886316 , 929206, 4 
S, 373, 1615886317, 684862, 10
D, 373, 1615886317, 764319, 10 
R, 373, 1615886317 , 780446, 4 
S, 374, 1615886318, 535416, 10
D, 374, 1615886318, 614318, 10 
R, 374, 1615886318 , 630222, 4 
S, 375, 1615886319, 385964, 10
D, 375, 1615886319, 464280, 10 
R, 375, 1615886319 , 480650, 4 
S, 376, 1615886320, 236527, 10
D, 376, 1615886320, 314259, 10 
R, 376, 1615886320 , 329908, 4 
S, 377, 1615886321, 87096, 10
D, 377, 1615886321, 164266, 10 
R, 377, 1615886321 , 179229, 4 
S, 378, 1615886321, 937716, 10
D, 378, 1615886322, 24268, 10 
R, 379, 1615886322 , 39933, 4 
S, 379, 1615886322, 788346, 10
D, 379, 1615886322, 874298, 10 
R, 380, 1615886322 , 889857, 4 
S, 380, 1615886323, 638890, 10
D, 380, 1615886323, 724257, 10 
R, 381, 1615886323 , 739767, 4 
S, 381, 1615886324, 489459, 10
D, 381, 1615886324, 574305, 10 
R, 381, 1615886324 , 588883, 4 
S, 382, 1615886325, 340027, 10
D, 382, 1615886325, 424331, 10 
R, 382, 1615886325 , 440030, 4 
S, 383, 1615886326, 190587, 10
D, 383, 1615886326, 274298, 10 
R, 383, 1615886326 , 290591, 4 
S, 384, 1615886327, 41219, 10
D, 384, 1615886327, 124340, 10 
R, 384, 1615886327 , 138562, 4 
S, 385, 1615886327, 891844, 10
D, 385, 1615886327, 974322, 10 
R, 385, 1615886327 , 989706, 4 
S, 386, 1615886328, 742404, 10
D, 386, 1615886328, 824268, 10 
R, 386, 1615886328 , 839153, 4 
S, 387, 1615886329, 592957, 10
D, 387, 1615886329, 674325, 10 
R, 387, 1615886329 , 688944, 4 
S, 388, 1615886330, 443514, 10
D, 388, 1615886330, 534322, 10 
R, 389, 1615886330 , 548940, 4 
S, 389, 1615886331, 294177, 10
D, 389, 1615886331, 394284, 10 
R, 390, 1615886331 , 410474, 4 
S, 390, 1615886332, 145195, 10
D, 390, 1615886332, 224287, 10 
R, 390, 1615886332 , 239695, 4 
S, 391, 1615886332, 995818, 10
D, 391, 1615886333, 74282, 10 
R, 391, 1615886333 , 88893, 4 
S, 392, 1615886333, 846370, 10
D, 392, 1615886333, 934321, 10 
R, 393, 1615886333 , 949044, 4 
S, 393, 1615886334, 696949, 10
D, 393, 1615886334, 784284, 10 
R, 394, 1615886334 , 798873, 4 
S, 394, 1615886335, 547500, 10
D, 394, 1615886335, 634367, 10 
R, 395, 1615886335 , 649349, 4 
S, 395, 1615886336, 398131, 10
D, 395, 1615886336, 484259, 10 
R, 396, 1615886336 , 500400, 4 
S, 396, 1615886337, 248712, 10
D, 396, 1615886337, 334367, 10 
R, 396, 1615886337 , 348356, 4 
S, 397, 1615886338, 99328, 10
D, 397, 1615886338, 184293, 10 
R, 397, 1615886338 , 198180, 4 
S, 398, 1615886338, 949894, 10
D, 398, 1615886339, 34287, 10 
R, 398, 1615886339 , 48200, 4 
S, 399, 1615886339, 800498, 10
D, 399, 1615886339, 884279, 10 
R, 399, 1615886339 , 899786, 4 
S, 400, 1615886340, 651043, 10
D, 400, 1615886340, 734471, 10 
R, 400, 1615886340 , 749012, 4 
S, 401, 1615886341, 501739, 10
D, 401, 1615886341, 584500, 10 
R, 401, 1615886341 , 600568, 4 
S, 402, 1615886342, 352213, 10
D, 402, 1615886342, 434280, 10 
R, 402, 1615886342 , 450866, 4 
S, 403, 1615886343, 202797, 10
D, 403, 1615886343, 284795, 10 
R, 403, 1615886343 , 301560, 4 
S, 404, 1615886344, 53356, 10
D, 404, 1615886344, 134853, 10 
R, 404, 1615886344 , 151497, 4 
S, 405, 1615886344, 903975, 10
D, 405, 1615886344, 984774, 10 
R, 405, 1615886345 , 1890, 4 
S, 406, 1615886345, 754523, 10
D, 406, 1615886345, 834791, 10 
R, 406, 1615886345 , 851083, 4 
S, 407, 1615886346, 605136, 10
D, 407, 1615886346, 684888, 10 
R, 407, 1615886346 , 701402, 4 
S, 408, 1615886347, 455750, 10
D, 408, 1615886347, 534879, 10 
R, 408, 1615886347 , 551616, 4 
S, 409, 1615886348, 306323, 10
D, 409, 1615886348, 384793, 10 
R, 409, 1615886348 , 400799, 4 
S, 410, 1615886349, 156935, 10
D, 410, 1615886349, 234788, 10 
R, 410, 1615886349 , 250629, 4 
S, 411, 1615886350, 7481, 10
D, 411, 1615886350, 94833, 10 
R, 412, 1615886350 , 110047, 4 
S, 412, 1615886350, 858052, 10
D, 412, 1615886350, 944785, 10 
R, 413, 1615886350 , 960747, 4 
S, 413, 1615886351, 708675, 10
D, 413, 1615886351, 794879, 10 
R, 414, 1615886351 , 812437, 4 
S, 414, 1615886352, 559279, 10
D, 414, 1615886352, 644270, 10 
R, 414, 1615886352 , 659336, 4 
S, 415, 1615886353, 409871, 10
D, 415, 1615886353, 494326, 10 
R, 415, 1615886353 , 508555, 4 
S, 416, 1615886354, 260410, 10
D, 416, 1615886354, 344267, 10 
R, 416, 1615886354 , 358431, 4 
S, 417, 1615886355, 110961, 10
D, 417, 1615886355, 194282, 10 
R, 417, 1615886355 , 210168, 4 
S, 418, 1615886355, 961518, 10
D, 418, 1615886356, 44305, 10 
R, 418, 1615886356 , 59982, 4 
S, 419, 1615886356, 812147, 10
D, 419, 1615886356, 894336, 10 
R, 419, 1615886356 , 910540, 4 
S, 420, 1615886357, 662784, 10
D, 420, 1615886357, 744308, 10 
R, 420, 1615886357 , 759180, 4 
S, 421, 1615886358, 513354, 10
D, 421, 1615886358, 594278, 10 
R, 421, 1615886358 , 609569, 4 
S, 422, 1615886359, 363935, 10
D, 422, 1615886359, 444271, 10 
R, 422, 1615886359 , 459559, 4 
S, 423, 1615886360, 214494, 10
D, 423, 1615886360, 294328, 10 
R, 423, 1615886360 , 310029, 4 
S, 424, 1615886361, 65044, 10
D, 424, 1615886361, 154284, 10 
R, 425, 1615886361 , 168909, 4 
S, 425, 1615886361, 915673, 10
D, 425, 1615886361, 994334, 10 
R, 425, 1615886362 , 8513, 4 
S, 426, 1615886362, 766268, 10
D, 426, 1615886362, 844305, 10 
R, 426, 1615886362 , 859671, 4 
S, 427, 1615886363, 616824, 10
D, 427, 1615886363, 694339, 10 
R, 427, 1615886363 , 709491, 4 
S, 428, 1615886364, 467362, 10
D, 428, 1615886364, 544283, 10 
R, 428, 1615886364 , 559362, 4 
S, 429, 1615886365, 317906, 10
D, 429, 1615886365, 404276, 10 
R, 430, 1615886365 , 418864, 4 
S, 430, 1615886366, 168548, 10
D, 430, 1615886366, 254329, 10 
R, 431, 1615886366 , 269416, 4 
S, 431, 1615886367, 19413, 10
D, 431, 1615886367, 104342, 10 
R, 431, 1615886367 , 119311, 4 
S, 432, 1615886367, 870026, 10
D, 432, 1615886367, 954405, 10 
R, 432, 1615886367 , 968441, 4 
S, 433, 1615886368, 720607, 10
D, 433, 1615886368, 804294, 10 
R, 433, 1615886368 , 818868, 4 
S, 434, 1615886369, 571163, 10
D, 434, 1615886369, 654306, 10 
R, 434, 1615886369 , 668675, 4 
S, 435, 1615886370, 421730, 10
D, 435, 1615886370, 464595, 10 
R, 435, 1615886370 , 480683, 4 
S, 436, 1615886371, 272293, 10
D, 436, 1615886371, 354289, 10 
R, 436, 1615886371 , 369679, 4 
S, 437, 1615886372, 122874, 10
D, 437, 1615886372, 204317, 10 
R, 437, 1615886372 , 219741, 4 
S, 438, 1615886372, 973494, 10
D, 438, 1615886373, 54327, 10 
R, 438, 1615886373 , 69470, 4 
S, 439, 1615886373, 824082, 10
D, 439, 1615886373, 914284, 10 
R, 440, 1615886373 , 929173, 4 
S, 440, 1615886374, 674639, 10
D, 440, 1615886374, 754269, 10 
R, 440, 1615886374 , 770005, 4 
S, 441, 1615886375, 525177, 10
D, 441, 1615886375, 604292, 10 
R, 441, 1615886375 , 619835, 4 
S, 442, 1615886376, 375783, 10
D, 442, 1615886376, 464312, 10 
R, 443, 1615886376 , 478746, 4 
S, 443, 1615886377, 226340, 10
D, 443, 1615886377, 304266, 10 
R, 443, 1615886377 , 319686, 4 
S, 444, 1615886378, 76960, 10
D, 444, 1615886378, 154289, 10 
R, 444, 1615886378 , 169488, 4 
S, 445, 1615886378, 927518, 10
D, 445, 1615886379, 14387, 10 
R, 446, 1615886379 , 30915, 4 
S, 446, 1615886379, 778074, 10
D, 446, 1615886379, 854286, 10 
R, 446, 1615886379 , 869086, 4 
S, 447, 1615886380, 628629, 10
D, 447, 1615886380, 714309, 10 
R, 447, 1615886380 , 728637, 4 
S, 448, 1615886381, 479244, 10
D, 448, 1615886381, 564285, 10 
R, 448, 1615886381 , 579106, 4 
S, 449, 1615886382, 329833, 10
D, 449, 1615886382, 414364, 10 
R, 449, 1615886382 , 429092, 4 
S, 450, 1615886383, 180488, 10
D, 450, 1615886383, 264268, 10 
R, 450, 1615886383 , 279464, 4 
S, 451, 1615886384, 31061, 10
D, 451, 1615886384, 114296, 10 
R, 451, 1615886384 , 129928, 4 
S, 452, 1615886384, 881697, 10
D, 452, 1615886384, 964238, 10 
R, 452, 1615886384 , 979802, 4 
S, 453, 1615886385, 732259, 10
D, 453, 1615886385, 814313, 10 
R, 453, 1615886385 , 829475, 4 
S, 454, 1615886386, 582847, 10
D, 454, 1615886386, 664432, 10 
R, 454, 1615886386 , 679268, 4 
S, 455, 1615886387, 433389, 10
D, 455, 1615886387, 514309, 10 
R, 455, 1615886387 , 529242, 4 
S, 456, 1615886388, 284010, 10
D, 456, 1615886388, 364347, 10 
R, 456, 1615886388 , 378982, 4 
S, 457, 1615886389, 134586, 10
D, 457, 1615886389, 214283, 10 
R, 457, 1615886389 , 230350, 4 
S, 458, 1615886389, 985124, 10
D, 458, 1615886390, 64309, 10 
R, 458, 1615886390 , 78836, 4 
S, 459, 1615886390, 835686, 10
D, 459, 1615886390, 914332, 10 
R, 459, 1615886390 , 929305, 4 
S, 460, 1615886391, 686310, 10
D, 460, 1615886391, 764280, 10 
R, 460, 1615886391 , 779820, 4 
S, 461, 1615886392, 536914, 10
D, 461, 1615886392, 624318, 10 
R, 462, 1615886392 , 639547, 4 
S, 462, 1615886393, 387502, 10
D, 462, 1615886393, 464264, 10 
R, 462, 1615886393 , 479672, 4 
S, 463, 1615886394, 238078, 10
D, 463, 1615886394, 324290, 10 
R, 464, 1615886394 , 338705, 4 
S, 464, 1615886395, 88709, 10
D, 464, 1615886395, 174343, 10 
R, 464, 1615886395 , 188450, 4 
S, 465, 1615886395, 939284, 10
D, 465, 1615886396, 24300, 10 
R, 466, 1615886396 , 40303, 4 
S, 466, 1615886396, 789905, 10
D, 466, 1615886396, 874295, 10 
R, 466, 1615886396 , 888767, 4 
S, 467, 1615886397, 640559, 10
D, 467, 1615886397, 724346, 10 
R, 467, 1615886397 , 739525, 4 
S, 468, 1615886398, 491138, 10
D, 468, 1615886398, 574389, 10 
R, 468, 1615886398 , 589923, 4 
S, 469, 1615886399, 341717, 10
D, 469, 1615886399, 424242, 10 
R, 469, 1615886399 , 439113, 4 
S, 470, 1615886400, 192263, 10
D, 470, 1615886400, 274574, 10 
R, 470, 1615886400 , 289555, 4 
S, 471, 1615886401, 42840, 10
D, 471, 1615886401, 124393, 10 
R, 471, 1615886401 , 140050, 4 
S, 472, 1615886401, 893536, 10
D, 472, 1615886401, 974314, 10 
R, 472, 1615886401 , 988597, 4 
S, 473, 1615886402, 744211, 10
D, 473, 1615886402, 824331, 10 
R, 473, 1615886402 , 839963, 4 
S, 474, 1615886403, 594779, 10
D, 474, 1615886403, 674280, 10 
R, 474, 1615886403 , 689094, 4 
S, 475, 1615886404, 445355, 10
D, 475, 1615886404, 524329, 10 
R, 475, 1615886404 , 538454, 4 
S, 476, 1615886405, 295916, 10
D, 476, 1615886405, 374311, 10 
R, 476, 1615886405 , 389549, 4 
S, 477, 1615886406, 146468, 10
D, 477, 1615886406, 234289, 10 
R, 478, 1615886406 , 249083, 4 
S, 478, 1615886406, 997095, 10
D, 478, 1615886407, 74283, 10 
R, 478, 1615886407 , 89223, 4 
S, 479, 1615886407, 847723, 10
D, 479, 1615886407, 934311, 10 
R, 480, 1615886407 , 949626, 4 
S, 480, 1615886408, 698281, 10
D, 480, 1615886408, 784342, 10 
R, 481, 1615886408 , 799446, 4 
S, 481, 1615886409, 548931, 10
D, 481, 1615886409, 634291, 10 
R, 482, 1615886409 , 649831, 4 
S, 482, 1615886410, 399516, 10
D, 482, 1615886410, 484255, 10 
R, 482, 1615886410 , 499453, 4 
S, 483, 1615886411, 250089, 10
D, 483, 1615886411, 334289, 10 
R, 483, 1615886411 , 349367, 4 
S, 484, 1615886412, 100840, 10
D, 484, 1615886412, 184286, 10 
R, 484, 1615886412 , 198653, 4 
S, 485, 1615886412, 951461, 10
D, 485, 1615886413, 34325, 10 
R, 485, 1615886413 , 49847, 4 
S, 486, 1615886413, 802019, 10
D, 486, 1615886413, 884320, 10 
R, 486, 1615886413 , 899590, 4 
S, 487, 1615886414, 652586, 10
D, 487, 1615886414, 734327, 10 
R, 487, 1615886414 , 750073, 4 
S, 488, 1615886415, 503124, 10
D, 488, 1615886415, 584435, 10 
R, 488, 1615886415 , 599919, 4 
S, 489, 1615886416, 353765, 10
D, 489, 1615886416, 434295, 10 
R, 489, 1615886416 , 449058, 4 
S, 490, 1615886417, 204350, 10
D, 490, 1615886417, 284302, 10 
R, 490, 1615886417 , 299744, 4 
S, 491, 1615886418, 54973, 10
D, 491, 1615886418, 134323, 10 
R, 491, 1615886418 , 150936, 4 
S, 492, 1615886418, 905541, 10
D, 492, 1615886418, 984274, 10 
R, 492, 1615886419 , 541, 4 
S, 493, 1615886419, 756094, 10
D, 493, 1615886419, 834246, 10 
R, 493, 1615886419 , 849075, 4 
S, 494, 1615886420, 606633, 10
D, 494, 1615886420, 684269, 10 
R, 494, 1615886420 , 698973, 4 
S, 495, 1615886421, 457232, 10
D, 495, 1615886421, 534317, 10 
R, 495, 1615886421 , 548770, 4 
S, 496, 1615886422, 307799, 10
D, 496, 1615886422, 394285, 10 
R, 497, 1615886422 , 409731, 4 
S, 497, 1615886423, 158414, 10
D, 497, 1615886423, 244326, 10 
R, 498, 1615886423 , 259702, 4 
S, 498, 1615886424, 9021, 10
D, 498, 1615886424, 85978, 10 
S, 499, 1615886424, 859577, 10
D, 499, 1615886424, 984317, 10 
R, 499, 1615886424 , 998996, 4 
