Type, Id paq, time stamp segundos, micro, long paq 
S, 0, 1615885337, 759534, 11
R, 0, 1615885337 , 781444, 4 
D, 0, 1615885337, 781906, 11 
S, 1, 1615885338, 610546, 11
R, 1, 1615885338 , 674128, 4 
D, 1, 1615885338, 674495, 11 
S, 2, 1615885339, 461193, 11
R, 2, 1615885339 , 524146, 4 
D, 2, 1615885339, 524495, 11 
S, 3, 1615885340, 312222, 11
R, 3, 1615885340 , 384106, 4 
D, 3, 1615885340, 384450, 11 
S, 4, 1615885341, 163139, 11
R, 4, 1615885341 , 234119, 4 
D, 4, 1615885341, 234469, 11 
S, 5, 1615885342, 13762, 11
R, 5, 1615885342 , 84156, 4 
D, 5, 1615885342, 84506, 11 
S, 6, 1615885342, 864368, 11
R, 6, 1615885342 , 934125, 4 
D, 6, 1615885342, 934501, 11 
S, 7, 1615885343, 714999, 11
R, 7, 1615885343 , 784114, 4 
D, 7, 1615885343, 784504, 11 
S, 8, 1615885344, 565591, 11
R, 8, 1615885344 , 634258, 4 
D, 8, 1615885344, 634619, 11 
S, 9, 1615885345, 416172, 11
R, 9, 1615885345 , 484100, 4 
D, 9, 1615885345, 484441, 11 
S, 10, 1615885346, 266717, 11
R, 10, 1615885346 , 334114, 4 
D, 10, 1615885346, 334481, 11 
S, 11, 1615885347, 117341, 11
R, 11, 1615885347 , 184101, 4 
D, 11, 1615885347, 184447, 11 
S, 12, 1615885347, 967897, 11
R, 12, 1615885348 , 34288, 4 
D, 12, 1615885348, 34668, 11 
S, 13, 1615885348, 818498, 11
R, 13, 1615885348 , 884112, 4 
D, 13, 1615885348, 884479, 11 
S, 14, 1615885349, 669079, 11
R, 14, 1615885349 , 734141, 4 
D, 14, 1615885349, 734508, 11 
S, 15, 1615885350, 519662, 11
R, 15, 1615885350 , 594234, 4 
D, 15, 1615885350, 594610, 11 
S, 16, 1615885351, 370229, 11
R, 16, 1615885351 , 434093, 4 
D, 16, 1615885351, 434444, 11 
S, 17, 1615885352, 220800, 11
R, 17, 1615885352 , 284096, 4 
D, 17, 1615885352, 284448, 11 
S, 18, 1615885353, 71372, 11
R, 18, 1615885353 , 134111, 4 
D, 18, 1615885353, 134531, 11 
S, 19, 1615885353, 921987, 11
R, 19, 1615885353 , 984150, 4 
D, 19, 1615885353, 984520, 11 
S, 20, 1615885354, 772556, 11
R, 20, 1615885354 , 844125, 4 
D, 20, 1615885354, 844479, 11 
S, 21, 1615885355, 623146, 11
R, 21, 1615885355 , 694108, 4 
D, 21, 1615885355, 694477, 11 
S, 22, 1615885356, 473754, 11
R, 22, 1615885356 , 534087, 4 
D, 22, 1615885356, 534454, 11 
S, 23, 1615885357, 324337, 11
R, 23, 1615885357 , 394086, 4 
D, 23, 1615885357, 394427, 11 
S, 24, 1615885358, 174903, 11
R, 24, 1615885358 , 244103, 4 
D, 24, 1615885358, 244470, 11 
S, 25, 1615885359, 25539, 11
R, 25, 1615885359 , 94239, 4 
D, 25, 1615885359, 94596, 11 
S, 26, 1615885359, 876095, 11
R, 26, 1615885359 , 944139, 4 
D, 26, 1615885359, 944515, 11 
S, 27, 1615885360, 726679, 11
R, 27, 1615885360 , 794113, 4 
D, 27, 1615885360, 794476, 11 
S, 28, 1615885361, 577302, 11
R, 28, 1615885361 , 644080, 4 
D, 28, 1615885361, 644430, 11 
S, 29, 1615885362, 427869, 11
R, 29, 1615885362 , 494255, 4 
D, 29, 1615885362, 494611, 11 
S, 30, 1615885363, 278454, 11
R, 30, 1615885363 , 344246, 4 
D, 30, 1615885363, 344621, 11 
S, 31, 1615885364, 129085, 11
R, 31, 1615885364 , 194139, 4 
D, 31, 1615885364, 194488, 11 
S, 32, 1615885364, 979629, 11
R, 32, 1615885365 , 44115, 4 
D, 32, 1615885365, 44477, 11 
S, 33, 1615885365, 830211, 11
R, 33, 1615885365 , 894177, 4 
D, 33, 1615885365, 894546, 11 
S, 34, 1615885366, 680854, 11
R, 34, 1615885366 , 744179, 4 
D, 34, 1615885366, 744528, 11 
S, 35, 1615885367, 531432, 11
R, 35, 1615885367 , 594188, 4 
D, 35, 1615885367, 594544, 11 
S, 36, 1615885368, 381992, 11
R, 36, 1615885368 , 444193, 4 
D, 36, 1615885368, 444560, 11 
S, 37, 1615885369, 232651, 11
R, 37, 1615885369 , 304136, 4 
D, 37, 1615885369, 304486, 11 
S, 38, 1615885370, 83220, 11
R, 38, 1615885370 , 154113, 4 
D, 38, 1615885370, 154481, 11 
S, 39, 1615885370, 933854, 11
R, 39, 1615885371 , 4142, 4 
D, 39, 1615885371, 4509, 11 
S, 40, 1615885371, 784487, 11
R, 40, 1615885371 , 854106, 4 
D, 40, 1615885371, 854473, 11 
S, 41, 1615885372, 635046, 11
R, 41, 1615885372 , 704147, 4 
D, 41, 1615885372, 704520, 11 
S, 42, 1615885373, 485611, 11
R, 42, 1615885373 , 554112, 4 
D, 42, 1615885373, 554502, 11 
S, 43, 1615885374, 336247, 11
R, 43, 1615885374 , 404125, 4 
D, 43, 1615885374, 404492, 11 
S, 44, 1615885375, 186824, 11
R, 44, 1615885375 , 254118, 4 
D, 44, 1615885375, 254616, 11 
S, 45, 1615885376, 37394, 11
R, 45, 1615885376 , 104128, 4 
D, 45, 1615885376, 104504, 11 
S, 46, 1615885376, 888012, 11
R, 46, 1615885376 , 964101, 4 
D, 46, 1615885376, 964458, 11 
S, 47, 1615885377, 738574, 11
R, 47, 1615885377 , 804118, 4 
D, 47, 1615885377, 804480, 11 
S, 48, 1615885378, 589127, 11
R, 48, 1615885378 , 664138, 4 
D, 48, 1615885378, 664516, 11 
S, 49, 1615885379, 439765, 11
R, 49, 1615885379 , 504110, 4 
D, 49, 1615885379, 504472, 11 
S, 50, 1615885380, 290340, 11
R, 50, 1615885380 , 354137, 4 
D, 50, 1615885380, 354525, 11 
S, 51, 1615885381, 140903, 11
R, 51, 1615885381 , 204148, 4 
D, 51, 1615885381, 204530, 11 
S, 52, 1615885381, 991580, 11
R, 52, 1615885382 , 54145, 4 
D, 52, 1615885382, 54515, 11 
S, 53, 1615885382, 842153, 11
R, 53, 1615885382 , 904126, 4 
D, 53, 1615885382, 904487, 11 
S, 54, 1615885383, 692707, 11
R, 54, 1615885383 , 754135, 4 
D, 54, 1615885383, 754515, 11 
S, 55, 1615885384, 543339, 11
R, 55, 1615885384 , 614103, 4 
D, 55, 1615885384, 614474, 11 
S, 56, 1615885385, 394049, 11
R, 56, 1615885385 , 464135, 4 
D, 56, 1615885385, 464526, 11 
S, 57, 1615885386, 244613, 11
R, 57, 1615885386 , 314101, 4 
D, 57, 1615885386, 314476, 11 
S, 58, 1615885387, 95231, 11
R, 58, 1615885387 , 164136, 4 
D, 58, 1615885387, 164503, 11 
S, 59, 1615885387, 945776, 11
R, 59, 1615885388 , 14128, 4 
D, 59, 1615885388, 14503, 11 
S, 60, 1615885388, 796353, 11
R, 60, 1615885388 , 864106, 4 
D, 60, 1615885388, 864474, 11 
S, 61, 1615885389, 646983, 11
R, 61, 1615885389 , 714132, 4 
D, 61, 1615885389, 714497, 11 
S, 62, 1615885390, 497544, 11
R, 62, 1615885390 , 564133, 4 
D, 62, 1615885390, 564516, 11 
S, 63, 1615885391, 348112, 11
R, 63, 1615885391 , 414143, 4 
D, 63, 1615885391, 414525, 11 
S, 64, 1615885392, 198713, 11
R, 64, 1615885392 , 264117, 4 
D, 64, 1615885392, 264478, 11 
S, 65, 1615885393, 49269, 11
R, 65, 1615885393 , 114256, 4 
D, 65, 1615885393, 114652, 11 
S, 66, 1615885393, 899825, 11
R, 66, 1615885393 , 964127, 4 
D, 66, 1615885393, 964491, 11 
S, 67, 1615885394, 750426, 11
R, 67, 1615885394 , 814091, 4 
D, 67, 1615885394, 814458, 11 
S, 68, 1615885395, 601006, 11
R, 68, 1615885395 , 664133, 4 
D, 68, 1615885395, 664542, 11 
S, 69, 1615885396, 451619, 11
R, 69, 1615885396 , 524117, 4 
D, 69, 1615885396, 524480, 11 
S, 70, 1615885397, 302197, 11
R, 70, 1615885397 , 364126, 4 
D, 70, 1615885397, 364489, 11 
S, 71, 1615885398, 152764, 11
R, 71, 1615885398 , 224122, 4 
D, 71, 1615885398, 224498, 11 
S, 72, 1615885399, 3377, 11
R, 72, 1615885399 , 74123, 4 
D, 72, 1615885399, 74488, 11 
S, 73, 1615885399, 854026, 11
R, 73, 1615885399 , 924119, 4 
D, 73, 1615885399, 924473, 11 
S, 74, 1615885400, 704627, 11
R, 74, 1615885400 , 784160, 4 
D, 74, 1615885400, 784570, 11 
S, 75, 1615885401, 555229, 11
R, 75, 1615885401 , 624118, 4 
D, 75, 1615885401, 624480, 11 
S, 76, 1615885402, 405794, 11
R, 76, 1615885402 , 474116, 4 
D, 76, 1615885402, 474474, 11 
S, 77, 1615885403, 256390, 11
R, 77, 1615885403 , 324118, 4 
D, 77, 1615885403, 324494, 11 
S, 78, 1615885404, 107015, 11
R, 78, 1615885404 , 174122, 4 
D, 78, 1615885404, 174488, 11 
S, 79, 1615885404, 957598, 11
R, 79, 1615885405 , 24124, 4 
D, 79, 1615885405, 24480, 11 
S, 80, 1615885405, 808157, 11
R, 80, 1615885405 , 874148, 4 
D, 80, 1615885405, 874529, 11 
S, 81, 1615885406, 658773, 11
R, 81, 1615885406 , 724122, 4 
D, 81, 1615885406, 724487, 11 
S, 82, 1615885407, 509332, 11
R, 82, 1615885407 , 574101, 4 
D, 82, 1615885407, 574461, 11 
S, 83, 1615885408, 359893, 11
R, 83, 1615885408 , 434741, 4 
D, 83, 1615885408, 435130, 11 
S, 84, 1615885409, 210511, 11
R, 84, 1615885409 , 274129, 4 
D, 84, 1615885409, 274491, 11 
S, 85, 1615885410, 61085, 11
R, 85, 1615885410 , 124120, 4 
D, 85, 1615885410, 124487, 11 
S, 86, 1615885410, 911662, 11
R, 86, 1615885410 , 974125, 4 
D, 86, 1615885410, 974515, 11 
S, 87, 1615885411, 762264, 11
R, 87, 1615885411 , 824128, 4 
D, 87, 1615885411, 824494, 11 
S, 88, 1615885412, 612837, 11
R, 88, 1615885412 , 684121, 4 
D, 88, 1615885412, 684482, 11 
S, 89, 1615885413, 463414, 11
R, 89, 1615885413 , 534119, 4 
D, 89, 1615885413, 534610, 11 
S, 90, 1615885414, 314103, 11
R, 90, 1615885414 , 384133, 4 
D, 90, 1615885414, 384497, 11 
S, 91, 1615885415, 164679, 11
R, 91, 1615885415 , 234138, 4 
D, 91, 1615885415, 234488, 11 
S, 92, 1615885416, 15234, 11
R, 92, 1615885416 , 84123, 4 
D, 92, 1615885416, 84505, 11 
S, 93, 1615885416, 865855, 11
R, 93, 1615885416 , 934113, 4 
D, 93, 1615885416, 934484, 11 
S, 94, 1615885417, 716437, 11
R, 94, 1615885417 , 784143, 4 
D, 94, 1615885417, 784508, 11 
S, 95, 1615885418, 567008, 11
R, 95, 1615885418 , 634126, 4 
D, 95, 1615885418, 634498, 11 
S, 96, 1615885419, 417640, 11
R, 96, 1615885419 , 484153, 4 
D, 96, 1615885419, 484516, 11 
S, 97, 1615885420, 268203, 11
R, 97, 1615885420 , 334096, 4 
D, 97, 1615885420, 334452, 11 
S, 98, 1615885421, 118751, 11
R, 98, 1615885421 , 184130, 4 
D, 98, 1615885421, 184506, 11 
S, 99, 1615885421, 969362, 11
R, 99, 1615885422 , 34117, 4 
D, 99, 1615885422, 34483, 11 
S, 100, 1615885422, 819942, 11
R, 100, 1615885422 , 884119, 4 
D, 100, 1615885422, 884480, 11 
S, 101, 1615885423, 670518, 11
R, 101, 1615885423 , 734141, 4 
D, 101, 1615885423, 734517, 11 
S, 102, 1615885424, 521141, 11
R, 102, 1615885424 , 584123, 4 
D, 102, 1615885424, 584486, 11 
S, 103, 1615885425, 371692, 11
R, 103, 1615885425 , 444136, 4 
D, 103, 1615885425, 444490, 11 
S, 104, 1615885426, 222259, 11
R, 104, 1615885426 , 284127, 4 
D, 104, 1615885426, 284517, 11 
S, 105, 1615885427, 72877, 11
R, 105, 1615885427 , 134137, 4 
D, 105, 1615885427, 134516, 11 
S, 106, 1615885427, 923463, 11
R, 106, 1615885427 , 994115, 4 
D, 106, 1615885427, 994479, 11 
S, 107, 1615885428, 774086, 11
R, 107, 1615885428 , 844156, 4 
D, 107, 1615885428, 844538, 11 
S, 108, 1615885429, 624738, 11
R, 108, 1615885429 , 694111, 4 
D, 108, 1615885429, 694477, 11 
S, 109, 1615885430, 475298, 11
R, 109, 1615885430 , 544110, 4 
D, 109, 1615885430, 544471, 11 
S, 110, 1615885431, 325854, 11
R, 110, 1615885431 , 394130, 4 
D, 110, 1615885431, 394512, 11 
S, 111, 1615885432, 176508, 11
R, 111, 1615885432 , 244116, 4 
D, 111, 1615885432, 244477, 11 
S, 112, 1615885433, 27082, 11
R, 112, 1615885433 , 94115, 4 
D, 112, 1615885433, 94474, 11 
S, 113, 1615885433, 877654, 11
R, 113, 1615885433 , 944128, 4 
D, 113, 1615885433, 944502, 11 
S, 114, 1615885434, 728219, 11
R, 114, 1615885434 , 794109, 4 
D, 114, 1615885434, 794470, 11 
S, 115, 1615885435, 578790, 11
R, 115, 1615885435 , 644320, 4 
D, 115, 1615885435, 644663, 11 
S, 116, 1615885436, 429361, 11
R, 116, 1615885436 , 494118, 4 
D, 116, 1615885436, 494492, 11 
S, 117, 1615885437, 279936, 11
R, 117, 1615885437 , 344144, 4 
D, 117, 1615885437, 344469, 11 
S, 118, 1615885438, 130525, 11
R, 118, 1615885438 , 194157, 4 
D, 118, 1615885438, 194491, 11 
S, 119, 1615885438, 981105, 11
R, 119, 1615885439 , 44121, 4 
D, 119, 1615885439, 44467, 11 
S, 120, 1615885439, 831672, 11
R, 120, 1615885439 , 894230, 4 
D, 120, 1615885439, 894574, 11 
S, 121, 1615885440, 682236, 11
R, 121, 1615885440 , 744129, 4 
D, 121, 1615885440, 744469, 11 
S, 122, 1615885441, 532835, 11
R, 122, 1615885441 , 594182, 4 
D, 122, 1615885441, 594600, 11 
S, 123, 1615885442, 383504, 11
R, 123, 1615885442 , 454157, 4 
D, 123, 1615885442, 454490, 11 
S, 124, 1615885443, 234152, 11
R, 124, 1615885443 , 304147, 4 
D, 124, 1615885443, 304485, 11 
S, 125, 1615885444, 84757, 11
R, 125, 1615885444 , 154327, 4 
D, 125, 1615885444, 154753, 11 
S, 126, 1615885444, 935363, 11
R, 126, 1615885445 , 4317, 4 
D, 126, 1615885445, 4720, 11 
S, 127, 1615885445, 785914, 11
R, 127, 1615885445 , 854365, 4 
D, 127, 1615885445, 854796, 11 
S, 128, 1615885446, 636528, 11
R, 128, 1615885446 , 704322, 4 
D, 128, 1615885446, 704743, 11 
S, 129, 1615885447, 487083, 11
R, 129, 1615885447 , 554344, 4 
D, 129, 1615885447, 554757, 11 
S, 130, 1615885448, 337668, 11
R, 130, 1615885448 , 404351, 4 
D, 130, 1615885448, 404766, 11 
S, 131, 1615885449, 188299, 11
R, 131, 1615885449 , 254320, 4 
D, 131, 1615885449, 254734, 11 
S, 132, 1615885450, 38873, 11
R, 132, 1615885450 , 104328, 4 
D, 132, 1615885450, 104740, 11 
S, 133, 1615885450, 889464, 11
R, 133, 1615885450 , 954332, 4 
D, 133, 1615885450, 954749, 11 
S, 134, 1615885451, 740085, 11
R, 134, 1615885451 , 814349, 4 
D, 134, 1615885451, 814777, 11 
S, 135, 1615885452, 590639, 11
R, 135, 1615885452 , 654323, 4 
D, 135, 1615885452, 654728, 11 
S, 136, 1615885453, 441198, 11
R, 136, 1615885453 , 514350, 4 
D, 136, 1615885453, 514777, 11 
S, 137, 1615885454, 291823, 11
R, 137, 1615885454 , 354339, 4 
D, 137, 1615885454, 354747, 11 
S, 138, 1615885455, 142414, 11
R, 138, 1615885455 , 214320, 4 
D, 138, 1615885455, 214729, 11 
S, 139, 1615885455, 993009, 11
R, 139, 1615885456 , 64382, 4 
D, 139, 1615885456, 64836, 11 
S, 140, 1615885456, 843657, 11
R, 140, 1615885456 , 914343, 4 
D, 140, 1615885456, 914765, 11 
S, 141, 1615885457, 694198, 11
R, 141, 1615885457 , 764339, 4 
D, 141, 1615885457, 764755, 11 
S, 142, 1615885458, 544785, 11
R, 142, 1615885458 , 614344, 4 
D, 142, 1615885458, 614766, 11 
S, 143, 1615885459, 395407, 11
R, 143, 1615885459 , 464330, 4 
D, 143, 1615885459, 464736, 11 
S, 144, 1615885460, 245981, 11
R, 144, 1615885460 , 314330, 4 
D, 144, 1615885460, 314732, 11 
S, 145, 1615885461, 96586, 11
R, 145, 1615885461 , 164348, 4 
D, 145, 1615885461, 164774, 11 
S, 146, 1615885461, 947218, 11
R, 146, 1615885462 , 14343, 4 
D, 146, 1615885462, 14760, 11 
S, 147, 1615885462, 797785, 11
R, 147, 1615885462 , 864328, 4 
D, 147, 1615885462, 864741, 11 
S, 148, 1615885463, 648383, 11
R, 148, 1615885463 , 714136, 4 
D, 148, 1615885463, 714471, 11 
S, 149, 1615885464, 499014, 11
R, 149, 1615885464 , 564114, 4 
D, 149, 1615885464, 564435, 11 
S, 150, 1615885465, 349596, 11
R, 150, 1615885465 , 424132, 4 
D, 150, 1615885465, 424448, 11 
S, 151, 1615885466, 200151, 11
R, 151, 1615885466 , 264173, 4 
D, 151, 1615885466, 264504, 11 
S, 152, 1615885467, 50769, 11
R, 152, 1615885467 , 114115, 4 
D, 152, 1615885467, 114489, 11 
S, 153, 1615885467, 901313, 11
R, 153, 1615885467 , 964122, 4 
D, 153, 1615885467, 964442, 11 
S, 154, 1615885468, 751890, 11
R, 154, 1615885468 , 814148, 4 
D, 154, 1615885468, 814485, 11 
S, 155, 1615885469, 602518, 11
R, 155, 1615885469 , 674124, 4 
D, 155, 1615885469, 674439, 11 
S, 156, 1615885470, 453082, 11
R, 156, 1615885470 , 524177, 4 
D, 156, 1615885470, 524497, 11 
S, 157, 1615885471, 303733, 11
R, 157, 1615885471 , 374125, 4 
D, 157, 1615885471, 374458, 11 
S, 158, 1615885472, 154348, 11
R, 158, 1615885472 , 224117, 4 
D, 158, 1615885472, 224481, 11 
S, 159, 1615885473, 4910, 11
R, 159, 1615885473 , 74120, 4 
D, 159, 1615885473, 74443, 11 
S, 160, 1615885473, 855496, 11
R, 160, 1615885473 , 924122, 4 
D, 160, 1615885473, 924453, 11 
S, 161, 1615885474, 706145, 11
R, 161, 1615885474 , 774142, 4 
D, 161, 1615885474, 774502, 11 
S, 162, 1615885475, 556744, 11
R, 162, 1615885475 , 624137, 4 
D, 162, 1615885475, 624451, 11 
S, 163, 1615885476, 407294, 11
R, 163, 1615885476 , 474147, 4 
D, 163, 1615885476, 474483, 11 
S, 164, 1615885477, 257870, 11
R, 164, 1615885477 , 324112, 4 
D, 164, 1615885477, 324477, 11 
S, 165, 1615885478, 108435, 11
R, 165, 1615885478 , 174143, 4 
D, 165, 1615885478, 174472, 11 
S, 166, 1615885478, 959026, 11
R, 166, 1615885479 , 24142, 4 
D, 166, 1615885479, 24480, 11 
S, 167, 1615885479, 809663, 11
R, 167, 1615885479 , 874162, 4 
D, 167, 1615885479, 874484, 11 
S, 168, 1615885480, 660239, 11
R, 168, 1615885480 , 724174, 4 
D, 168, 1615885480, 724509, 11 
S, 169, 1615885481, 510779, 11
R, 169, 1615885481 , 584145, 4 
D, 169, 1615885481, 584471, 11 
S, 170, 1615885482, 361351, 11
R, 170, 1615885482 , 434124, 4 
D, 170, 1615885482, 434492, 11 
S, 171, 1615885483, 211907, 11
R, 171, 1615885483 , 284132, 4 
D, 171, 1615885483, 284463, 11 
S, 172, 1615885484, 62504, 11
R, 172, 1615885484 , 134134, 4 
D, 172, 1615885484, 134474, 11 
S, 173, 1615885484, 913119, 11
R, 173, 1615885484 , 984119, 4 
D, 173, 1615885484, 984446, 11 
S, 174, 1615885485, 763744, 11
R, 174, 1615885485 , 834180, 4 
D, 174, 1615885485, 834509, 11 
S, 175, 1615885486, 614357, 11
R, 175, 1615885486 , 684137, 4 
D, 175, 1615885486, 684463, 11 
S, 176, 1615885487, 464916, 11
R, 176, 1615885487 , 534119, 4 
D, 176, 1615885487, 537591, 11 
S, 177, 1615885488, 315478, 11
R, 177, 1615885488 , 384250, 4 
D, 177, 1615885488, 384589, 11 
S, 178, 1615885489, 166060, 11
R, 178, 1615885489 , 234151, 4 
D, 178, 1615885489, 234487, 11 
S, 179, 1615885490, 16675, 11
R, 179, 1615885490 , 84118, 4 
D, 179, 1615885490, 84433, 11 
S, 180, 1615885490, 867247, 11
R, 180, 1615885490 , 934158, 4 
D, 180, 1615885490, 934493, 11 
S, 181, 1615885491, 717870, 11
R, 181, 1615885491 , 784122, 4 
D, 181, 1615885491, 784443, 11 
S, 182, 1615885492, 568465, 11
R, 182, 1615885492 , 634140, 4 
D, 182, 1615885492, 634517, 11 
S, 183, 1615885493, 419021, 11
R, 183, 1615885493 , 484150, 4 
D, 183, 1615885493, 484480, 11 
S, 184, 1615885494, 269656, 11
R, 184, 1615885494 , 334123, 4 
D, 184, 1615885494, 334451, 11 
S, 185, 1615885495, 120221, 11
R, 185, 1615885495 , 184113, 4 
D, 185, 1615885495, 184430, 11 
S, 186, 1615885495, 970791, 11
R, 186, 1615885496 , 34177, 4 
D, 186, 1615885496, 34500, 11 
S, 187, 1615885496, 821412, 11
R, 187, 1615885496 , 884118, 4 
D, 187, 1615885496, 884435, 11 
S, 188, 1615885497, 671978, 11
R, 188, 1615885497 , 744235, 4 
D, 188, 1615885497, 744587, 11 
S, 189, 1615885498, 522559, 11
R, 189, 1615885498 , 594147, 4 
D, 189, 1615885498, 594479, 11 
S, 190, 1615885499, 373194, 11
R, 190, 1615885499 , 444135, 4 
D, 190, 1615885499, 444446, 11 
S, 191, 1615885500, 223834, 11
R, 191, 1615885500 , 294119, 4 
D, 191, 1615885500, 294439, 11 
S, 192, 1615885501, 74426, 11
R, 192, 1615885501 , 144160, 4 
D, 192, 1615885501, 144496, 11 
S, 193, 1615885501, 925114, 11
R, 193, 1615885501 , 994131, 4 
D, 193, 1615885501, 994453, 11 
S, 194, 1615885502, 775697, 11
R, 194, 1615885502 , 844127, 4 
D, 194, 1615885502, 844504, 11 
S, 195, 1615885503, 626256, 11
R, 195, 1615885503 , 694340, 4 
D, 195, 1615885503, 694991, 11 
S, 196, 1615885504, 476892, 11
R, 196, 1615885504 , 544339, 4 
D, 196, 1615885504, 544740, 11 
S, 197, 1615885505, 327458, 11
R, 197, 1615885505 , 394333, 4 
D, 197, 1615885505, 394764, 11 
S, 198, 1615885506, 178074, 11
R, 198, 1615885506 , 244334, 4 
D, 198, 1615885506, 244760, 11 
S, 199, 1615885507, 28712, 11
R, 199, 1615885507 , 94335, 4 
D, 199, 1615885507, 94745, 11 
S, 200, 1615885507, 879271, 11
R, 200, 1615885507 , 944347, 4 
D, 200, 1615885507, 944766, 11 
S, 201, 1615885508, 729829, 11
R, 201, 1615885508 , 794353, 4 
D, 201, 1615885508, 794781, 11 
S, 202, 1615885509, 580463, 11
R, 202, 1615885509 , 644325, 4 
D, 202, 1615885509, 644735, 11 
S, 203, 1615885510, 431020, 11
R, 203, 1615885510 , 504343, 4 
D, 203, 1615885510, 504755, 11 
S, 204, 1615885511, 281620, 11
R, 204, 1615885511 , 354354, 4 
D, 204, 1615885511, 354779, 11 
S, 205, 1615885512, 132244, 11
R, 205, 1615885512 , 204328, 4 
D, 205, 1615885512, 204734, 11 
S, 206, 1615885512, 982809, 11
R, 206, 1615885513 , 54320, 4 
D, 206, 1615885513, 54741, 11 
S, 207, 1615885513, 833360, 11
R, 207, 1615885513 , 904345, 4 
D, 207, 1615885513, 904772, 11 
S, 208, 1615885514, 684053, 11
R, 208, 1615885514 , 754325, 4 
D, 208, 1615885514, 754739, 11 
S, 209, 1615885515, 534631, 11
R, 209, 1615885515 , 604319, 4 
D, 209, 1615885515, 604727, 11 
S, 210, 1615885516, 385200, 11
R, 210, 1615885516 , 454346, 4 
D, 210, 1615885516, 454767, 11 
S, 211, 1615885517, 235830, 11
R, 211, 1615885517 , 304337, 4 
D, 211, 1615885517, 304743, 11 
S, 212, 1615885518, 86387, 11
R, 212, 1615885518 , 154335, 4 
D, 212, 1615885518, 154760, 11 
S, 213, 1615885518, 936942, 11
R, 213, 1615885519 , 4342, 4 
D, 213, 1615885519, 4764, 11 
S, 214, 1615885519, 787573, 11
R, 214, 1615885519 , 854336, 4 
D, 214, 1615885519, 854746, 11 
S, 215, 1615885520, 638145, 11
R, 215, 1615885520 , 704324, 4 
D, 215, 1615885520, 704735, 11 
S, 216, 1615885521, 488748, 11
R, 216, 1615885521 , 554370, 4 
D, 216, 1615885521, 554793, 11 
S, 217, 1615885522, 339345, 11
R, 217, 1615885522 , 404334, 4 
D, 217, 1615885522, 404752, 11 
S, 218, 1615885523, 189902, 11
R, 218, 1615885523 , 254323, 4 
D, 218, 1615885523, 254745, 11 
S, 219, 1615885524, 40499, 11
R, 219, 1615885524 , 114341, 4 
D, 219, 1615885524, 114864, 11 
S, 220, 1615885524, 891130, 11
R, 220, 1615885524 , 954129, 4 
D, 220, 1615885524, 954452, 11 
S, 221, 1615885525, 741723, 11
R, 221, 1615885525 , 804143, 4 
D, 221, 1615885525, 804479, 11 
S, 222, 1615885526, 592359, 11
R, 222, 1615885526 , 664131, 4 
D, 222, 1615885526, 664457, 11 
S, 223, 1615885527, 442909, 11
R, 223, 1615885527 , 514118, 4 
D, 223, 1615885527, 514434, 11 
S, 224, 1615885528, 293455, 11
R, 224, 1615885528 , 364125, 4 
D, 224, 1615885528, 364503, 11 
S, 225, 1615885529, 144133, 11
R, 225, 1615885529 , 214152, 4 
D, 225, 1615885529, 214490, 11 
S, 226, 1615885529, 994774, 11
R, 226, 1615885530 , 64123, 4 
D, 226, 1615885530, 64446, 11 
S, 227, 1615885530, 845359, 11
R, 227, 1615885530 , 914136, 4 
D, 227, 1615885530, 914467, 11 
S, 228, 1615885531, 695979, 11
R, 228, 1615885531 , 764169, 4 
D, 228, 1615885531, 764479, 11 
S, 229, 1615885532, 546525, 11
R, 229, 1615885532 , 614123, 4 
D, 229, 1615885532, 614440, 11 
S, 230, 1615885533, 397084, 11
R, 230, 1615885533 , 464263, 4 
D, 230, 1615885533, 464645, 11 
S, 231, 1615885534, 247653, 11
R, 231, 1615885534 , 314124, 4 
D, 231, 1615885534, 314450, 11 
S, 232, 1615885535, 98260, 11
R, 232, 1615885535 , 164134, 4 
D, 232, 1615885535, 164449, 11 
S, 233, 1615885535, 948835, 11
R, 233, 1615885536 , 24136, 4 
D, 233, 1615885536, 24475, 11 
S, 234, 1615885536, 799440, 11
R, 234, 1615885536 , 864128, 4 
D, 234, 1615885536, 864441, 11 
S, 235, 1615885537, 649991, 11
R, 235, 1615885537 , 714197, 4 
D, 235, 1615885537, 714520, 11 
S, 236, 1615885538, 500562, 11
R, 236, 1615885538 , 574134, 4 
D, 236, 1615885538, 574522, 11 
S, 237, 1615885539, 351178, 11
R, 237, 1615885539 , 414140, 4 
D, 237, 1615885539, 414474, 11 
S, 238, 1615885540, 201764, 11
R, 238, 1615885540 , 264131, 4 
D, 238, 1615885540, 264453, 11 
S, 239, 1615885541, 52350, 11
R, 239, 1615885541 , 114166, 4 
D, 239, 1615885541, 114523, 11 
S, 240, 1615885541, 903009, 11
R, 240, 1615885541 , 974161, 4 
D, 240, 1615885541, 974486, 11 
S, 241, 1615885542, 753590, 11
R, 241, 1615885542 , 814123, 4 
D, 241, 1615885542, 814453, 11 
S, 242, 1615885543, 604157, 11
R, 242, 1615885543 , 674128, 4 
D, 242, 1615885543, 674507, 11 
S, 243, 1615885544, 454772, 11
R, 243, 1615885544 , 524142, 4 
D, 243, 1615885544, 524476, 11 
S, 244, 1615885545, 305360, 11
R, 244, 1615885545 , 374124, 4 
D, 244, 1615885545, 374450, 11 
S, 245, 1615885546, 155917, 11
R, 245, 1615885546 , 224141, 4 
D, 245, 1615885546, 224468, 11 
S, 246, 1615885547, 6519, 11
R, 246, 1615885547 , 74136, 4 
D, 246, 1615885547, 74456, 11 
S, 247, 1615885547, 857082, 11
R, 247, 1615885547 , 924115, 4 
D, 247, 1615885547, 924436, 11 
S, 248, 1615885548, 707658, 11
R, 248, 1615885548 , 774224, 4 
D, 248, 1615885548, 774591, 11 
S, 249, 1615885549, 558294, 11
R, 249, 1615885549 , 624123, 4 
D, 249, 1615885549, 624452, 11 
S, 250, 1615885550, 408877, 11
R, 250, 1615885550 , 474157, 4 
D, 250, 1615885550, 474480, 11 
S, 251, 1615885551, 259452, 11
R, 251, 1615885551 , 324124, 4 
D, 251, 1615885551, 324453, 11 
S, 252, 1615885552, 110084, 11
R, 252, 1615885552 , 174142, 4 
D, 252, 1615885552, 174465, 11 
S, 253, 1615885552, 960679, 11
R, 253, 1615885553 , 24114, 4 
D, 253, 1615885553, 24436, 11 
S, 254, 1615885553, 811250, 11
R, 254, 1615885553 , 874147, 4 
D, 254, 1615885553, 874555, 11 
S, 255, 1615885554, 661877, 11
R, 255, 1615885554 , 724147, 4 
D, 255, 1615885554, 724485, 11 
S, 256, 1615885555, 512497, 11
R, 256, 1615885555 , 584111, 4 
D, 256, 1615885555, 584430, 11 
S, 257, 1615885556, 363043, 11
R, 257, 1615885556 , 434118, 4 
D, 257, 1615885556, 434453, 11 
S, 258, 1615885557, 213712, 11
R, 258, 1615885557 , 284153, 4 
D, 258, 1615885557, 284470, 11 
S, 259, 1615885558, 64270, 11
R, 259, 1615885558 , 134114, 4 
D, 259, 1615885558, 134443, 11 
S, 260, 1615885558, 914854, 11
R, 260, 1615885558 , 984138, 4 
D, 260, 1615885558, 984523, 11 
S, 261, 1615885559, 765488, 11
R, 261, 1615885559 , 834145, 4 
D, 261, 1615885559, 834480, 11 
S, 262, 1615885560, 616070, 11
R, 262, 1615885560 , 684135, 4 
D, 262, 1615885560, 684554, 11 
S, 263, 1615885561, 466647, 11
R, 263, 1615885561 , 534155, 4 
D, 263, 1615885561, 534504, 11 
S, 264, 1615885562, 317332, 11
R, 264, 1615885562 , 384160, 4 
D, 264, 1615885562, 384475, 11 
S, 265, 1615885563, 167924, 11
R, 265, 1615885563 , 234123, 4 
D, 265, 1615885563, 234443, 11 
S, 266, 1615885564, 18502, 11
R, 266, 1615885564 , 84133, 4 
D, 266, 1615885564, 84530, 11 
S, 267, 1615885564, 869126, 11
R, 267, 1615885564 , 934350, 4 
D, 267, 1615885564, 934775, 11 
S, 268, 1615885565, 719701, 11
R, 268, 1615885565 , 794492, 4 
D, 268, 1615885565, 794995, 11 
S, 269, 1615885566, 570260, 11
R, 269, 1615885566 , 634348, 4 
D, 269, 1615885566, 634758, 11 
S, 270, 1615885567, 420823, 11
R, 270, 1615885567 , 484319, 4 
D, 270, 1615885567, 484721, 11 
S, 271, 1615885568, 271377, 11
R, 271, 1615885568 , 334332, 4 
D, 271, 1615885568, 334743, 11 
S, 272, 1615885569, 121949, 11
R, 272, 1615885569 , 194343, 4 
D, 272, 1615885569, 194770, 11 
S, 273, 1615885569, 972568, 11
R, 273, 1615885570 , 34352, 4 
D, 273, 1615885570, 34786, 11 
S, 274, 1615885570, 823155, 11
R, 274, 1615885570 , 894343, 4 
D, 274, 1615885570, 894759, 11 
S, 275, 1615885571, 673846, 11
R, 275, 1615885571 , 744340, 4 
D, 275, 1615885571, 744763, 11 
S, 276, 1615885572, 524457, 11
R, 276, 1615885572 , 594353, 4 
D, 276, 1615885572, 594764, 11 
S, 277, 1615885573, 375030, 11
R, 277, 1615885573 , 444326, 4 
D, 277, 1615885573, 444744, 11 
S, 278, 1615885574, 225608, 11
R, 278, 1615885574 , 294350, 4 
D, 278, 1615885574, 294779, 11 
S, 279, 1615885575, 76248, 11
R, 279, 1615885575 , 144318, 4 
D, 279, 1615885575, 144735, 11 
S, 280, 1615885575, 926828, 11
R, 280, 1615885575 , 994351, 4 
D, 280, 1615885575, 994800, 11 
S, 281, 1615885576, 777465, 11
R, 281, 1615885576 , 844338, 4 
D, 281, 1615885576, 844762, 11 
S, 282, 1615885577, 628065, 11
R, 282, 1615885577 , 694338, 4 
D, 282, 1615885577, 694741, 11 
S, 283, 1615885578, 478620, 11
R, 283, 1615885578 , 544350, 4 
D, 283, 1615885578, 544761, 11 
S, 284, 1615885579, 329175, 11
R, 284, 1615885579 , 394317, 4 
D, 284, 1615885579, 394744, 11 
S, 285, 1615885580, 179781, 11
R, 285, 1615885580 , 244322, 4 
D, 285, 1615885580, 244723, 11 
S, 286, 1615885581, 30353, 11
R, 286, 1615885581 , 94341, 4 
D, 286, 1615885581, 94772, 11 
S, 287, 1615885581, 880971, 11
R, 287, 1615885581 , 944341, 4 
D, 287, 1615885581, 944762, 11 
S, 288, 1615885582, 731566, 11
R, 288, 1615885582 , 794149, 4 
D, 288, 1615885582, 794480, 11 
S, 289, 1615885583, 582137, 11
R, 289, 1615885583 , 644134, 4 
D, 289, 1615885583, 644467, 11 
S, 290, 1615885584, 432752, 11
R, 290, 1615885584 , 504109, 4 
D, 290, 1615885584, 504434, 11 
S, 291, 1615885585, 283325, 11
R, 291, 1615885585 , 354124, 4 
D, 291, 1615885585, 354448, 11 
S, 292, 1615885586, 133934, 11
R, 292, 1615885586 , 204130, 4 
D, 292, 1615885586, 204500, 11 
S, 293, 1615885586, 984585, 11
R, 293, 1615885587 , 54136, 4 
D, 293, 1615885587, 54467, 11 
S, 294, 1615885587, 835178, 11
R, 294, 1615885587 , 904134, 4 
D, 294, 1615885587, 904459, 11 
S, 295, 1615885588, 685741, 11
R, 295, 1615885588 , 754135, 4 
D, 295, 1615885588, 754470, 11 
S, 296, 1615885589, 536375, 11
R, 296, 1615885589 , 604131, 4 
D, 296, 1615885589, 604452, 11 
S, 297, 1615885590, 386950, 11
R, 297, 1615885590 , 454115, 4 
D, 297, 1615885590, 454446, 11 
S, 298, 1615885591, 237532, 11
R, 298, 1615885591 , 304137, 4 
D, 298, 1615885591, 304535, 11 
S, 299, 1615885592, 88151, 11
R, 299, 1615885592 , 154155, 4 
D, 299, 1615885592, 154492, 11 
S, 300, 1615885592, 938730, 11
R, 300, 1615885593 , 4133, 4 
D, 300, 1615885593, 4452, 11 
S, 301, 1615885593, 789277, 11
R, 301, 1615885593 , 854130, 4 
D, 301, 1615885593, 854470, 11 
S, 302, 1615885594, 639892, 11
R, 302, 1615885594 , 704138, 4 
D, 302, 1615885594, 704455, 11 
S, 303, 1615885595, 490472, 11
R, 303, 1615885595 , 554136, 4 
D, 303, 1615885595, 554463, 11 
S, 304, 1615885596, 341032, 11
R, 304, 1615885596 , 414126, 4 
D, 304, 1615885596, 414508, 11 
S, 305, 1615885597, 191659, 11
R, 305, 1615885597 , 254161, 4 
D, 305, 1615885597, 254501, 11 
S, 306, 1615885598, 42237, 11
R, 306, 1615885598 , 114120, 4 
D, 306, 1615885598, 114439, 11 
S, 307, 1615885598, 892809, 11
R, 307, 1615885598 , 954148, 4 
D, 307, 1615885598, 954478, 11 
S, 308, 1615885599, 743424, 11
R, 308, 1615885599 , 814148, 4 
D, 308, 1615885599, 814465, 11 
S, 309, 1615885600, 594059, 11
R, 309, 1615885600 , 664129, 4 
D, 309, 1615885600, 664445, 11 
S, 310, 1615885601, 444626, 11
R, 310, 1615885601 , 514167, 4 
D, 310, 1615885601, 514560, 11 
S, 311, 1615885602, 295239, 11
R, 311, 1615885602 , 364133, 4 
D, 311, 1615885602, 364460, 11 
S, 312, 1615885603, 145812, 11
R, 312, 1615885603 , 214129, 4 
D, 312, 1615885603, 214453, 11 
S, 313, 1615885603, 996376, 11
R, 313, 1615885604 , 64141, 4 
D, 313, 1615885604, 64470, 11 
S, 314, 1615885604, 847002, 11
R, 314, 1615885604 , 924131, 4 
D, 314, 1615885604, 924440, 11 
S, 315, 1615885605, 697571, 11
R, 315, 1615885605 , 764132, 4 
D, 315, 1615885605, 764455, 11 
S, 316, 1615885606, 548129, 11
R, 316, 1615885606 , 614119, 4 
D, 316, 1615885606, 614501, 11 
S, 317, 1615885607, 398728, 11
R, 317, 1615885607 , 464139, 4 
D, 317, 1615885607, 464490, 11 
S, 318, 1615885608, 249343, 11
R, 318, 1615885608 , 314113, 4 
D, 318, 1615885608, 314441, 11 
S, 319, 1615885609, 99910, 11
R, 319, 1615885609 , 164137, 4 
D, 319, 1615885609, 164471, 11 
S, 320, 1615885609, 950542, 11
R, 320, 1615885610 , 14152, 4 
D, 320, 1615885610, 14481, 11 
S, 321, 1615885610, 801118, 11
R, 321, 1615885610 , 864183, 4 
D, 321, 1615885610, 864526, 11 
S, 322, 1615885611, 651663, 11
R, 322, 1615885611 , 714125, 4 
D, 322, 1615885611, 714490, 11 
S, 323, 1615885612, 502214, 11
R, 323, 1615885612 , 564136, 4 
D, 323, 1615885612, 564467, 11 
S, 324, 1615885613, 352808, 11
R, 324, 1615885613 , 414126, 4 
D, 324, 1615885613, 414453, 11 
S, 325, 1615885614, 203375, 11
R, 325, 1615885614 , 274139, 4 
D, 325, 1615885614, 274478, 11 
S, 326, 1615885615, 54075, 11
R, 326, 1615885615 , 124142, 4 
D, 326, 1615885615, 124459, 11 
S, 327, 1615885615, 904668, 11
R, 327, 1615885615 , 974138, 4 
D, 327, 1615885615, 974473, 11 
S, 328, 1615885616, 755290, 11
R, 328, 1615885616 , 824115, 4 
D, 328, 1615885616, 824475, 11 
S, 329, 1615885617, 605851, 11
R, 329, 1615885617 , 674188, 4 
D, 329, 1615885617, 674529, 11 
S, 330, 1615885618, 456494, 11
R, 330, 1615885618 , 524134, 4 
D, 330, 1615885618, 524467, 11 
S, 331, 1615885619, 307100, 11
R, 331, 1615885619 , 374130, 4 
D, 331, 1615885619, 374470, 11 
S, 332, 1615885620, 157782, 11
R, 332, 1615885620 , 224299, 4 
D, 332, 1615885620, 224633, 11 
S, 333, 1615885621, 8391, 11
R, 333, 1615885621 , 74168, 4 
D, 333, 1615885621, 74515, 11 
S, 334, 1615885621, 859083, 11
R, 334, 1615885621 , 924138, 4 
D, 334, 1615885621, 924506, 11 
S, 335, 1615885622, 709662, 11
R, 335, 1615885622 , 774124, 4 
D, 335, 1615885622, 774462, 11 
S, 336, 1615885623, 560256, 11
R, 336, 1615885623 , 624119, 4 
D, 336, 1615885623, 624444, 11 
S, 337, 1615885624, 410839, 11
R, 337, 1615885624 , 485440, 4 
D, 337, 1615885624, 486408, 11 
S, 338, 1615885625, 261450, 11
R, 338, 1615885625 , 335336, 4 
D, 338, 1615885625, 336074, 11 
S, 339, 1615885626, 112006, 11
R, 339, 1615885626 , 175390, 4 
D, 339, 1615885626, 176168, 11 
S, 340, 1615885626, 962631, 11
R, 340, 1615885627 , 35330, 4 
D, 340, 1615885627, 36216, 11 
S, 341, 1615885627, 813251, 11
R, 341, 1615885627 , 885380, 4 
D, 341, 1615885627, 886156, 11 
S, 342, 1615885628, 665757, 11
R, 342, 1615885628 , 735454, 4 
D, 342, 1615885628, 736260, 11 
S, 343, 1615885629, 516763, 11
R, 343, 1615885629 , 585433, 4 
D, 343, 1615885629, 586197, 11 
S, 344, 1615885630, 367345, 11
R, 344, 1615885630 , 435327, 4 
D, 344, 1615885630, 436085, 11 
S, 345, 1615885631, 217911, 11
R, 345, 1615885631 , 285407, 4 
D, 345, 1615885631, 286200, 11 
S, 346, 1615885632, 68516, 11
R, 346, 1615885632 , 135331, 4 
D, 346, 1615885632, 136243, 11 
S, 347, 1615885632, 919072, 11
R, 347, 1615885632 , 985356, 4 
D, 347, 1615885632, 986126, 11 
S, 348, 1615885633, 769655, 11
R, 348, 1615885633 , 835382, 4 
D, 348, 1615885633, 836162, 11 
S, 349, 1615885634, 620277, 11
R, 349, 1615885634 , 685381, 4 
D, 349, 1615885634, 686322, 11 
S, 350, 1615885635, 470816, 11
R, 350, 1615885635 , 535323, 4 
D, 350, 1615885635, 536082, 11 
S, 351, 1615885636, 321427, 11
R, 351, 1615885636 , 385351, 4 
D, 351, 1615885636, 386123, 11 
S, 352, 1615885637, 172054, 11
R, 352, 1615885637 , 235350, 4 
D, 352, 1615885637, 236211, 11 
S, 353, 1615885638, 22622, 11
R, 353, 1615885638 , 95405, 4 
D, 353, 1615885638, 96212, 11 
S, 354, 1615885638, 873231, 11
R, 354, 1615885638 , 945427, 4 
D, 354, 1615885638, 946210, 11 
S, 355, 1615885639, 723916, 11
R, 355, 1615885639 , 795348, 4 
D, 355, 1615885639, 796099, 11 
S, 356, 1615885640, 574458, 11
R, 356, 1615885640 , 645316, 4 
D, 356, 1615885640, 646084, 11 
S, 357, 1615885641, 425019, 11
R, 357, 1615885641 , 495338, 4 
D, 357, 1615885641, 496117, 11 
S, 358, 1615885642, 275644, 11
R, 358, 1615885642 , 345341, 4 
D, 358, 1615885642, 346220, 11 
S, 359, 1615885643, 126201, 11
R, 359, 1615885643 , 205368, 4 
D, 359, 1615885643, 206165, 11 
S, 360, 1615885643, 976794, 11
R, 360, 1615885644 , 45350, 4 
D, 360, 1615885644, 46181, 11 
S, 361, 1615885644, 827411, 11
R, 361, 1615885644 , 895371, 4 
D, 361, 1615885644, 896147, 11 
S, 362, 1615885645, 677988, 11
R, 362, 1615885645 , 745403, 4 
D, 362, 1615885645, 746195, 11 
S, 363, 1615885646, 528589, 11
R, 363, 1615885646 , 595361, 4 
D, 363, 1615885646, 596138, 11 
S, 364, 1615885647, 379204, 11
R, 364, 1615885647 , 445341, 4 
D, 364, 1615885647, 446223, 11 
S, 365, 1615885648, 229793, 11
R, 365, 1615885648 , 295452, 4 
D, 365, 1615885648, 296252, 11 
S, 366, 1615885649, 80460, 11
R, 366, 1615885649 , 145360, 4 
D, 366, 1615885649, 146154, 11 
S, 367, 1615885649, 931079, 11
R, 367, 1615885649 , 995331, 4 
D, 367, 1615885649, 996090, 11 
S, 368, 1615885650, 781662, 11
R, 368, 1615885650 , 845359, 4 
D, 368, 1615885650, 846115, 11 
S, 369, 1615885651, 632220, 11
R, 369, 1615885651 , 705341, 4 
D, 369, 1615885651, 706122, 11 
S, 370, 1615885652, 482811, 11
R, 370, 1615885652 , 555338, 4 
D, 370, 1615885652, 556265, 11 
S, 371, 1615885653, 333360, 11
R, 371, 1615885653 , 405366, 4 
D, 371, 1615885653, 406143, 11 
S, 372, 1615885654, 184001, 11
R, 372, 1615885654 , 255432, 4 
D, 372, 1615885654, 256265, 11 
S, 373, 1615885655, 34621, 11
R, 373, 1615885655 , 105338, 4 
D, 373, 1615885655, 106103, 11 
S, 374, 1615885655, 885188, 11
R, 374, 1615885655 , 955360, 4 
D, 374, 1615885655, 956139, 11 
S, 375, 1615885656, 735799, 11
R, 375, 1615885656 , 805344, 4 
D, 375, 1615885656, 806097, 11 
S, 376, 1615885657, 586361, 11
R, 376, 1615885657 , 655380, 4 
D, 376, 1615885657, 656329, 11 
S, 377, 1615885658, 436909, 11
R, 377, 1615885658 , 505394, 4 
D, 377, 1615885658, 506158, 11 
S, 378, 1615885659, 287486, 11
R, 378, 1615885659 , 354129, 4 
D, 378, 1615885659, 354465, 11 
S, 379, 1615885660, 138111, 11
R, 379, 1615885660 , 214112, 4 
D, 379, 1615885660, 214438, 11 
S, 380, 1615885660, 988697, 11
R, 380, 1615885661 , 54141, 4 
D, 380, 1615885661, 54474, 11 
S, 381, 1615885661, 839316, 11
R, 381, 1615885661 , 914140, 4 
D, 381, 1615885661, 914463, 11 
S, 382, 1615885662, 689886, 11
R, 382, 1615885662 , 754152, 4 
D, 382, 1615885662, 756461, 11 
S, 383, 1615885663, 540433, 11
R, 383, 1615885663 , 604138, 4 
D, 383, 1615885663, 604463, 11 
S, 384, 1615885664, 391013, 11
R, 384, 1615885664 , 454119, 4 
D, 384, 1615885664, 454460, 11 
S, 385, 1615885665, 241640, 11
R, 385, 1615885665 , 304134, 4 
D, 385, 1615885665, 304452, 11 
S, 386, 1615885666, 92213, 11
R, 386, 1615885666 , 164153, 4 
D, 386, 1615885666, 164484, 11 
S, 387, 1615885666, 942855, 11
R, 387, 1615885667 , 14143, 4 
D, 387, 1615885667, 14474, 11 
S, 388, 1615885667, 793416, 11
R, 388, 1615885667 , 864114, 4 
D, 388, 1615885667, 864479, 11 
S, 389, 1615885668, 644030, 11
R, 389, 1615885668 , 714160, 4 
D, 389, 1615885668, 714489, 11 
S, 390, 1615885669, 494630, 11
R, 390, 1615885669 , 564126, 4 
D, 390, 1615885669, 564461, 11 
S, 391, 1615885670, 345262, 11
R, 391, 1615885670 , 414122, 4 
D, 391, 1615885670, 414459, 11 
S, 392, 1615885671, 195841, 11
R, 392, 1615885671 , 264167, 4 
D, 392, 1615885671, 264582, 11 
S, 393, 1615885672, 46465, 11
R, 393, 1615885672 , 114140, 4 
D, 393, 1615885672, 114459, 11 
S, 394, 1615885672, 897027, 11
R, 394, 1615885672 , 964126, 4 
D, 394, 1615885672, 964509, 11 
S, 395, 1615885673, 747591, 11
R, 395, 1615885673 , 814263, 4 
D, 395, 1615885673, 814635, 11 
S, 396, 1615885674, 598191, 11
R, 396, 1615885674 , 664123, 4 
D, 396, 1615885674, 664453, 11 
S, 397, 1615885675, 448793, 11
R, 397, 1615885675 , 514132, 4 
D, 397, 1615885675, 514456, 11 
S, 398, 1615885676, 299350, 11
R, 398, 1615885676 , 364198, 4 
D, 398, 1615885676, 364528, 11 
S, 399, 1615885677, 149973, 11
R, 399, 1615885677 , 224120, 4 
D, 399, 1615885677, 224446, 11 
S, 400, 1615885678, 577, 11
R, 400, 1615885678 , 64128, 4 
D, 400, 1615885678, 64499, 11 
S, 401, 1615885678, 851138, 11
R, 401, 1615885678 , 914167, 4 
D, 401, 1615885678, 914508, 11 
S, 402, 1615885679, 701759, 11
R, 402, 1615885679 , 764126, 4 
D, 402, 1615885679, 764451, 11 
S, 403, 1615885680, 552332, 11
R, 403, 1615885680 , 624131, 4 
D, 403, 1615885680, 624454, 11 
S, 404, 1615885681, 402897, 11
R, 404, 1615885681 , 474159, 4 
D, 404, 1615885681, 474495, 11 
S, 405, 1615885682, 253569, 11
R, 405, 1615885682 , 324135, 4 
D, 405, 1615885682, 324464, 11 
S, 406, 1615885683, 104217, 11
R, 406, 1615885683 , 174137, 4 
D, 406, 1615885683, 174526, 11 
S, 407, 1615885683, 954787, 11
R, 407, 1615885684 , 24146, 4 
D, 407, 1615885684, 24485, 11 
S, 408, 1615885684, 805424, 11
R, 408, 1615885684 , 875357, 4 
D, 408, 1615885684, 876125, 11 
S, 409, 1615885685, 656007, 11
R, 409, 1615885685 , 725408, 4 
D, 409, 1615885685, 726197, 11 
S, 410, 1615885686, 506559, 11
R, 410, 1615885686 , 575343, 4 
D, 410, 1615885686, 576098, 11 
S, 411, 1615885687, 357131, 11
R, 411, 1615885687 , 425325, 4 
D, 411, 1615885687, 426135, 11 
S, 412, 1615885688, 207702, 11
R, 412, 1615885688 , 275340, 4 
D, 412, 1615885688, 276283, 11 
S, 413, 1615885689, 58269, 11
R, 413, 1615885689 , 125428, 4 
D, 413, 1615885689, 126212, 11 
S, 414, 1615885689, 908910, 11
R, 414, 1615885689 , 975379, 4 
D, 414, 1615885689, 976138, 11 
S, 415, 1615885690, 759482, 11
R, 415, 1615885690 , 825312, 4 
D, 415, 1615885690, 826099, 11 
S, 416, 1615885691, 610025, 11
R, 416, 1615885691 , 675425, 4 
D, 416, 1615885691, 676218, 11 
S, 417, 1615885692, 460637, 11
R, 417, 1615885692 , 525374, 4 
D, 417, 1615885692, 526138, 11 
S, 418, 1615885693, 311190, 11
R, 418, 1615885693 , 375340, 4 
D, 418, 1615885693, 376207, 11 
S, 419, 1615885694, 161762, 11
R, 419, 1615885694 , 225472, 4 
D, 419, 1615885694, 226287, 11 
S, 420, 1615885695, 12400, 11
R, 420, 1615885695 , 85387, 4 
D, 420, 1615885695, 86202, 11 
S, 421, 1615885695, 862972, 11
R, 421, 1615885695 , 925641, 4 
D, 421, 1615885695, 926447, 11 
S, 422, 1615885696, 713569, 11
R, 422, 1615885696 , 785345, 4 
D, 422, 1615885696, 786137, 11 
S, 423, 1615885697, 564181, 11
R, 423, 1615885697 , 635348, 4 
D, 423, 1615885697, 636132, 11 
S, 424, 1615885698, 414751, 11
R, 424, 1615885698 , 485333, 4 
D, 424, 1615885698, 486200, 11 
S, 425, 1615885699, 265324, 11
R, 425, 1615885699 , 335451, 4 
D, 425, 1615885699, 336247, 11 
S, 426, 1615885700, 115952, 11
R, 426, 1615885700 , 185348, 4 
D, 426, 1615885700, 186112, 11 
S, 427, 1615885700, 966510, 11
R, 427, 1615885701 , 35378, 4 
D, 427, 1615885701, 36167, 11 
S, 428, 1615885701, 817125, 11
R, 428, 1615885701 , 885352, 4 
D, 428, 1615885701, 886126, 11 
S, 429, 1615885702, 667703, 11
R, 429, 1615885702 , 735308, 4 
D, 429, 1615885702, 736055, 11 
S, 430, 1615885703, 518271, 11
R, 430, 1615885703 , 585356, 4 
D, 430, 1615885703, 586270, 11 
S, 431, 1615885704, 368848, 11
R, 431, 1615885704 , 435459, 4 
D, 431, 1615885704, 436289, 11 
S, 432, 1615885705, 219493, 11
R, 432, 1615885705 , 285324, 4 
D, 432, 1615885705, 286095, 11 
S, 433, 1615885706, 70045, 11
R, 433, 1615885706 , 135365, 4 
D, 433, 1615885706, 136154, 11 
S, 434, 1615885706, 920703, 11
R, 434, 1615885706 , 985326, 4 
D, 434, 1615885706, 986103, 11 
S, 435, 1615885707, 771272, 11
R, 435, 1615885707 , 835356, 4 
D, 435, 1615885707, 836256, 11 
S, 436, 1615885708, 621849, 11
R, 436, 1615885708 , 695412, 4 
D, 436, 1615885708, 696343, 11 
S, 437, 1615885709, 472498, 11
R, 437, 1615885709 , 545416, 4 
D, 437, 1615885709, 546191, 11 
S, 438, 1615885710, 323138, 11
R, 438, 1615885710 , 395349, 4 
D, 438, 1615885710, 396096, 11 
S, 439, 1615885711, 173722, 11
R, 439, 1615885711 , 245343, 4 
D, 439, 1615885711, 246146, 11 
S, 440, 1615885712, 24365, 11
R, 440, 1615885712 , 95331, 4 
D, 440, 1615885712, 96096, 11 
S, 441, 1615885712, 874938, 11
R, 441, 1615885712 , 945349, 4 
D, 441, 1615885712, 946096, 11 
S, 442, 1615885713, 725499, 11
R, 442, 1615885713 , 795413, 4 
D, 442, 1615885713, 796299, 11 
S, 443, 1615885714, 576077, 11
R, 443, 1615885714 , 645381, 4 
D, 443, 1615885714, 646171, 11 
S, 444, 1615885715, 426704, 11
R, 444, 1615885715 , 495353, 4 
D, 444, 1615885715, 496119, 11 
S, 445, 1615885716, 277280, 11
R, 445, 1615885716 , 344132, 4 
D, 445, 1615885716, 344464, 11 
S, 446, 1615885717, 127905, 11
R, 446, 1615885717 , 194116, 4 
D, 446, 1615885717, 194430, 11 
S, 447, 1615885717, 978460, 11
R, 447, 1615885718 , 44133, 4 
D, 447, 1615885718, 44462, 11 
S, 448, 1615885718, 829027, 11
R, 448, 1615885718 , 894273, 4 
D, 448, 1615885718, 894662, 11 
S, 449, 1615885719, 679569, 11
R, 449, 1615885719 , 744120, 4 
D, 449, 1615885719, 744444, 11 
S, 450, 1615885720, 530160, 11
R, 450, 1615885720 , 594117, 4 
D, 450, 1615885720, 594438, 11 
S, 451, 1615885721, 380735, 11
R, 451, 1615885721 , 454125, 4 
D, 451, 1615885721, 454462, 11 
S, 452, 1615885722, 231387, 11
R, 452, 1615885722 , 294122, 4 
D, 452, 1615885722, 294448, 11 
S, 453, 1615885723, 81960, 11
R, 453, 1615885723 , 144114, 4 
D, 453, 1615885723, 144432, 11 
S, 454, 1615885723, 932500, 11
R, 454, 1615885724 , 4192, 4 
D, 454, 1615885724, 4587, 11 
S, 455, 1615885724, 783106, 11
R, 455, 1615885724 , 854121, 4 
D, 455, 1615885724, 854451, 11 
S, 456, 1615885725, 633704, 11
R, 456, 1615885725 , 704106, 4 
D, 456, 1615885725, 704420, 11 
S, 457, 1615885726, 484274, 11
R, 457, 1615885726 , 554138, 4 
D, 457, 1615885726, 554472, 11 
S, 458, 1615885727, 334853, 11
R, 458, 1615885727 , 404147, 4 
D, 458, 1615885727, 404458, 11 
S, 459, 1615885728, 185412, 11
R, 459, 1615885728 , 254102, 4 
D, 459, 1615885728, 254422, 11 
S, 460, 1615885729, 35983, 11
R, 460, 1615885729 , 104134, 4 
D, 460, 1615885729, 104507, 11 
S, 461, 1615885729, 886591, 11
R, 461, 1615885729 , 954141, 4 
D, 461, 1615885729, 954466, 11 
S, 462, 1615885730, 737174, 11
R, 462, 1615885730 , 804120, 4 
D, 462, 1615885730, 804436, 11 
S, 463, 1615885731, 587747, 11
R, 463, 1615885731 , 654127, 4 
D, 463, 1615885731, 654465, 11 
S, 464, 1615885732, 438370, 11
R, 464, 1615885732 , 504132, 4 
D, 464, 1615885732, 504443, 11 
S, 465, 1615885733, 288929, 11
R, 465, 1615885733 , 354119, 4 
D, 465, 1615885733, 354443, 11 
S, 466, 1615885734, 139504, 11
R, 466, 1615885734 , 204162, 4 
D, 466, 1615885734, 204556, 11 
S, 467, 1615885734, 990133, 11
R, 467, 1615885735 , 54128, 4 
D, 467, 1615885735, 54457, 11 
S, 468, 1615885735, 840729, 11
R, 468, 1615885735 , 904119, 4 
D, 468, 1615885735, 904432, 11 
S, 469, 1615885736, 691295, 11
R, 469, 1615885736 , 754159, 4 
D, 469, 1615885736, 754506, 11 
S, 470, 1615885737, 541892, 11
R, 470, 1615885737 , 604125, 4 
D, 470, 1615885737, 604437, 11 
S, 471, 1615885738, 392475, 11
R, 471, 1615885738 , 454131, 4 
D, 471, 1615885738, 454458, 11 
S, 472, 1615885739, 243035, 11
R, 472, 1615885739 , 314679, 4 
D, 472, 1615885739, 323542, 11 
S, 473, 1615885740, 93717, 11
R, 473, 1615885740 , 164172, 4 
D, 473, 1615885740, 164525, 11 
S, 474, 1615885740, 944326, 11
R, 474, 1615885741 , 14320, 4 
D, 474, 1615885741, 14700, 11 
S, 475, 1615885741, 794961, 11
R, 475, 1615885741 , 864129, 4 
D, 475, 1615885741, 864466, 11 
S, 476, 1615885742, 645585, 11
R, 476, 1615885742 , 714139, 4 
D, 476, 1615885742, 714486, 11 
S, 477, 1615885743, 496145, 11
R, 477, 1615885743 , 564177, 4 
D, 477, 1615885743, 564525, 11 
S, 478, 1615885744, 346721, 11
R, 478, 1615885744 , 414244, 4 
D, 478, 1615885744, 414728, 11 
S, 479, 1615885745, 197337, 11
R, 479, 1615885745 , 264475, 4 
D, 479, 1615885745, 264867, 11 
S, 480, 1615885746, 47917, 11
R, 480, 1615885746 , 114480, 4 
D, 480, 1615885746, 114853, 11 
S, 481, 1615885746, 898529, 11
R, 481, 1615885746 , 964137, 4 
D, 481, 1615885746, 964485, 11 
S, 482, 1615885747, 749085, 11
R, 482, 1615885747 , 814168, 4 
D, 482, 1615885747, 814526, 11 
S, 483, 1615885748, 599646, 11
R, 483, 1615885748 , 664168, 4 
D, 483, 1615885748, 664519, 11 
S, 484, 1615885749, 450215, 11
R, 484, 1615885749 , 524210, 4 
D, 484, 1615885749, 524632, 11 
S, 485, 1615885750, 300860, 11
R, 485, 1615885750 , 364164, 4 
D, 485, 1615885750, 364510, 11 
S, 486, 1615885751, 151450, 11
R, 486, 1615885751 , 214325, 4 
D, 486, 1615885751, 214708, 11 
S, 487, 1615885752, 2066, 11
R, 487, 1615885752 , 64551, 4 
D, 487, 1615885752, 64957, 11 
S, 488, 1615885752, 852623, 11
R, 488, 1615885752 , 914408, 4 
D, 488, 1615885752, 914763, 11 
S, 489, 1615885753, 703175, 11
R, 489, 1615885753 , 774139, 4 
D, 489, 1615885753, 774496, 11 
S, 490, 1615885754, 553752, 11
R, 490, 1615885754 , 624239, 4 
D, 490, 1615885754, 624654, 11 
S, 491, 1615885755, 404382, 11
R, 491, 1615885755 , 474167, 4 
D, 491, 1615885755, 474534, 11 
S, 492, 1615885756, 254967, 11
R, 492, 1615885756 , 324141, 4 
D, 492, 1615885756, 324501, 11 
S, 493, 1615885757, 105588, 11
R, 493, 1615885757 , 174160, 4 
D, 493, 1615885757, 174511, 11 
S, 494, 1615885757, 956153, 11
R, 494, 1615885758 , 24161, 4 
D, 494, 1615885758, 24506, 11 
S, 495, 1615885758, 806728, 11
R, 495, 1615885758 , 874141, 4 
D, 495, 1615885758, 874475, 11 
S, 496, 1615885759, 657294, 11
R, 496, 1615885759 , 724167, 4 
D, 496, 1615885759, 724582, 11 
S, 497, 1615885760, 507926, 11
R, 497, 1615885760 , 574159, 4 
D, 497, 1615885760, 574505, 11 
S, 498, 1615885761, 358514, 11
R, 498, 1615885761 , 424133, 4 
D, 498, 1615885761, 424461, 11 
S, 499, 1615885762, 209133, 11
R, 499, 1615885762 , 274119, 4 
D, 499, 1615885762, 274441, 11 
