Type, Id paq, time stamp segundos, micro, long paq 
S, 0, 1615875913, 980424, 10
R, 1, 1615875914 , 2082, 4 
S, 1, 1615875914, 531001, 10
R, 2, 1615875914 , 589521, 4 
S, 2, 1615875915, 81404, 10
R, 3, 1615875915 , 100996, 4 
S, 3, 1615875915, 631790, 10
R, 4, 1615875915 , 652430, 4 
S, 4, 1615875916, 182160, 10
R, 5, 1615875916 , 241978, 4 
S, 5, 1615875916, 732523, 10
R, 6, 1615875916 , 752169, 4 
S, 6, 1615875917, 282919, 10
R, 7, 1615875917 , 302337, 4 
S, 7, 1615875917, 833282, 10
R, 8, 1615875917 , 897950, 4 
S, 8, 1615875918, 383722, 10
R, 9, 1615875918 , 402821, 4 
S, 9, 1615875918, 934137, 10
R, 10, 1615875918 , 954246, 4 
S, 10, 1615875919, 484847, 10
R, 11, 1615875919 , 545732, 4 
S, 11, 1615875920, 35220, 10
R, 12, 1615875920 , 54586, 4 
S, 12, 1615875920, 585647, 10
R, 13, 1615875920 , 605381, 4 
S, 13, 1615875921, 136006, 10
R, 14, 1615875921 , 198712, 4 
S, 14, 1615875921, 686381, 10
R, 15, 1615875921 , 706333, 4 
S, 15, 1615875922, 236786, 10
R, 16, 1615875922 , 257096, 4 
S, 16, 1615875922, 787166, 10
R, 17, 1615875922 , 853438, 4 
S, 17, 1615875923, 337590, 10
R, 18, 1615875923 , 356458, 4 
S, 18, 1615875923, 888023, 10
R, 19, 1615875923 , 907376, 4 
S, 19, 1615875924, 438448, 10
R, 20, 1615875924 , 497528, 4 
S, 20, 1615875924, 988834, 10
R, 21, 1615875925 , 7675, 4 
S, 21, 1615875925, 539281, 10
R, 22, 1615875925 , 559055, 4 
S, 22, 1615875926, 89657, 10
R, 23, 1615875926 , 153740, 4 
S, 23, 1615875926, 640044, 10
R, 24, 1615875926 , 660037, 4 
S, 24, 1615875927, 190579, 10
R, 25, 1615875927 , 210198, 4 
S, 25, 1615875927, 740949, 10
R, 26, 1615875927 , 805638, 4 
S, 26, 1615875928, 291378, 10
R, 27, 1615875928 , 310682, 4 
S, 27, 1615875928, 841818, 10
R, 28, 1615875928 , 861446, 4 
S, 28, 1615875929, 392503, 10
R, 29, 1615875929 , 453506, 4 
S, 29, 1615875929, 942884, 10
R, 30, 1615875929 , 962983, 4 
S, 30, 1615875930, 493283, 10
R, 31, 1615875930 , 513151, 4 
S, 31, 1615875931, 43654, 10
R, 32, 1615875931 , 105870, 4 
S, 32, 1615875931, 594207, 10
R, 33, 1615875931 , 613429, 4 
S, 33, 1615875932, 144611, 10
R, 34, 1615875932 , 164859, 4 
S, 34, 1615875932, 694992, 10
R, 35, 1615875932 , 758404, 4 
S, 35, 1615875933, 245599, 10
R, 36, 1615875933 , 265875, 4 
S, 36, 1615875933, 796009, 10
R, 37, 1615875933 , 816052, 4 
S, 37, 1615875934, 346677, 10
R, 38, 1615875934 , 406182, 4 
S, 38, 1615875934, 897055, 10
R, 39, 1615875934 , 916336, 4 
S, 39, 1615875935, 447450, 10
R, 40, 1615875935 , 466480, 4 
S, 40, 1615875935, 997832, 10
R, 41, 1615875936 , 58618, 4 
S, 41, 1615875936, 548441, 10
R, 42, 1615875936 , 571383, 4 
S, 42, 1615875937, 98848, 10
R, 43, 1615875937 , 120893, 4 
S, 43, 1615875937, 649259, 10
R, 44, 1615875937 , 713120, 4 
S, 44, 1615875938, 199901, 10
R, 45, 1615875938 , 220214, 4 
S, 45, 1615875938, 750317, 10
R, 46, 1615875938 , 771089, 4 
S, 46, 1615875939, 300933, 10
R, 47, 1615875939 , 362483, 4 
S, 47, 1615875939, 851356, 10
R, 48, 1615875939 , 879082, 4 
S, 48, 1615875940, 401773, 10
R, 49, 1615875940 , 422185, 4 
S, 49, 1615875940, 952135, 10
R, 50, 1615875941 , 13583, 4 
S, 50, 1615875941, 502495, 10
R, 51, 1615875941 , 521785, 4 
S, 51, 1615875942, 52881, 10
R, 52, 1615875942 , 72636, 4 
S, 52, 1615875942, 603260, 10
R, 53, 1615875942 , 666027, 4 
S, 53, 1615875943, 153689, 10
R, 54, 1615875943 , 174476, 4 
S, 54, 1615875943, 704139, 10
R, 55, 1615875943 , 727057, 4 
S, 55, 1615875944, 254538, 10
R, 56, 1615875944 , 314068, 4 
S, 56, 1615875944, 804999, 10
R, 57, 1615875944 , 824842, 4 
S, 57, 1615875945, 355409, 10
S, 58, 1615875945, 905777, 10
R, 59, 1615875945 , 965706, 4 
S, 59, 1615875946, 456146, 10
R, 60, 1615875946 , 475845, 4 
S, 60, 1615875947, 6550, 10
R, 61, 1615875947 , 26670, 4 
S, 61, 1615875947, 557123, 10
R, 62, 1615875947 , 622048, 4 
S, 62, 1615875948, 107486, 10
R, 63, 1615875948 , 127073, 4 
S, 63, 1615875948, 657910, 10
R, 64, 1615875948 , 678273, 4 
S, 64, 1615875949, 208352, 10
R, 65, 1615875949 , 274218, 4 
S, 65, 1615875949, 759025, 10
R, 66, 1615875949 , 777953, 4 
S, 66, 1615875950, 309479, 10
R, 67, 1615875950 , 329965, 4 
S, 67, 1615875950, 859866, 10
R, 68, 1615875950 , 925368, 4 
S, 68, 1615875951, 410237, 10
R, 69, 1615875951 , 430324, 4 
S, 69, 1615875951, 960725, 10
R, 70, 1615875951 , 979769, 4 
S, 70, 1615875952, 511095, 10
R, 71, 1615875952 , 569272, 4 
S, 71, 1615875953, 61665, 10
R, 72, 1615875953 , 82319, 4 
S, 72, 1615875953, 612148, 10
R, 73, 1615875953 , 631325, 4 
S, 73, 1615875954, 162546, 10
R, 74, 1615875954 , 221329, 4 
S, 74, 1615875954, 712978, 10
S, 75, 1615875955, 263422, 10
R, 76, 1615875955 , 282279, 4 
S, 76, 1615875955, 813810, 10
R, 77, 1615875955 , 877605, 4 
S, 77, 1615875956, 364191, 10
R, 78, 1615875956 , 383945, 4 
S, 78, 1615875956, 914596, 10
R, 79, 1615875956 , 933746, 4 
S, 79, 1615875957, 464965, 10
R, 80, 1615875957 , 526534, 4 
S, 80, 1615875958, 15533, 10
R, 81, 1615875958 , 35569, 4 
S, 81, 1615875958, 566008, 10
R, 82, 1615875958 , 585772, 4 
S, 82, 1615875959, 116602, 10
R, 83, 1615875959 , 177628, 4 
S, 83, 1615875959, 667035, 10
R, 84, 1615875959 , 687124, 4 
S, 84, 1615875960, 217607, 10
R, 85, 1615875960 , 237300, 4 
S, 85, 1615875960, 767973, 10
R, 86, 1615875960 , 829314, 4 
S, 86, 1615875961, 318537, 10
R, 87, 1615875961 , 337656, 4 
S, 87, 1615875961, 869249, 10
R, 88, 1615875961 , 889727, 4 
S, 88, 1615875962, 419648, 10
R, 89, 1615875962 , 485706, 4 
S, 89, 1615875962, 970166, 10
R, 90, 1615875962 , 989570, 4 
S, 90, 1615875963, 520895, 10
R, 91, 1615875963 , 540376, 4 
S, 91, 1615875964, 71273, 10
R, 92, 1615875964 , 133747, 4 
S, 92, 1615875964, 621714, 10
R, 93, 1615875964 , 641928, 4 
S, 93, 1615875965, 172133, 10
R, 94, 1615875965 , 192087, 4 
S, 94, 1615875965, 722643, 10
R, 95, 1615875965 , 786097, 4 
S, 95, 1615875966, 273169, 10
R, 96, 1615875966 , 293041, 4 
S, 96, 1615875966, 823701, 10
R, 97, 1615875966 , 843201, 4 
S, 97, 1615875967, 374182, 10
R, 98, 1615875967 , 433364, 4 
S, 98, 1615875967, 924683, 10
R, 99, 1615875967 , 943543, 4 
S, 99, 1615875968, 475324, 10
R, 100, 1615875968 , 495919, 4 
S, 100, 1615875969, 25689, 10
R, 101, 1615875969 , 86138, 4 
S, 101, 1615875969, 576282, 10
R, 102, 1615875969 , 596282, 4 
S, 102, 1615875970, 126688, 10
R, 103, 1615875970 , 146450, 4 
S, 103, 1615875970, 677207, 10
R, 104, 1615875970 , 738534, 4 
S, 104, 1615875971, 227709, 10
R, 105, 1615875971 , 247435, 4 
S, 105, 1615875971, 778247, 10
R, 106, 1615875971 , 797659, 4 
S, 106, 1615875972, 328619, 10
R, 107, 1615875972 , 389773, 4 
S, 107, 1615875972, 879129, 10
R, 108, 1615875972 , 899940, 4 
S, 108, 1615875973, 429796, 10
R, 109, 1615875973 , 449586, 4 
S, 109, 1615875973, 980168, 10
R, 110, 1615875974 , 41730, 4 
S, 110, 1615875974, 530595, 10
R, 111, 1615875974 , 550027, 4 
S, 111, 1615875975, 81041, 10
R, 112, 1615875975 , 100120, 4 
S, 112, 1615875975, 631586, 10
R, 113, 1615875975 , 694084, 4 
S, 113, 1615875976, 181956, 10
R, 114, 1615875976 , 201110, 4 
S, 114, 1615875976, 732523, 10
R, 115, 1615875976 , 751854, 4 
S, 115, 1615875977, 282887, 10
R, 116, 1615875977 , 342640, 4 
S, 116, 1615875977, 833420, 10
R, 117, 1615875977 , 853479, 4 
S, 117, 1615875978, 384060, 10
R, 118, 1615875978 , 403778, 4 
S, 118, 1615875978, 934457, 10
R, 119, 1615875978 , 994581, 4 
S, 119, 1615875979, 485067, 10
R, 120, 1615875979 , 504740, 4 
S, 120, 1615875980, 35634, 10
R, 121, 1615875980 , 55559, 4 
S, 121, 1615875980, 586041, 10
R, 122, 1615875980 , 645729, 4 
S, 122, 1615875981, 136544, 10
R, 123, 1615875981 , 156436, 4 
S, 123, 1615875981, 687086, 10
R, 124, 1615875981 , 706608, 4 
S, 124, 1615875982, 237454, 10
S, 125, 1615875982, 787989, 10
R, 126, 1615875982 , 807388, 4 
S, 126, 1615875983, 338599, 10
R, 127, 1615875983 , 358492, 4 
S, 127, 1615875983, 888993, 10
R, 128, 1615875983 , 950011, 4 
S, 128, 1615875984, 439594, 10
R, 129, 1615875984 , 460277, 4 
S, 129, 1615875984, 990162, 10
R, 130, 1615875985 , 10187, 4 
S, 130, 1615875985, 540614, 10
S, 131, 1615875986, 90997, 10
R, 132, 1615875986 , 113689, 4 
S, 132, 1615875986, 641358, 10
R, 133, 1615875986 , 660644, 4 
S, 133, 1615875987, 191728, 10
R, 134, 1615875987 , 250142, 4 
S, 134, 1615875987, 742229, 10
R, 135, 1615875987 , 762244, 4 
S, 135, 1615875988, 292863, 10
R, 136, 1615875988 , 313145, 4 
S, 136, 1615875988, 843245, 10
R, 137, 1615875988 , 902010, 4 
S, 137, 1615875989, 393832, 10
R, 138, 1615875989 , 414087, 4 
S, 138, 1615875989, 944387, 10
R, 139, 1615875989 , 965489, 4 
S, 139, 1615875990, 494761, 10
R, 140, 1615875990 , 553786, 4 
S, 140, 1615875991, 45275, 10
R, 141, 1615875991 , 64560, 4 
S, 141, 1615875991, 595831, 10
R, 142, 1615875991 , 614756, 4 
S, 142, 1615875992, 146216, 10
R, 143, 1615875992 , 206173, 4 
S, 143, 1615875992, 696723, 10
R, 144, 1615875992 , 722762, 4 
S, 144, 1615875993, 247352, 10
R, 145, 1615875993 , 267746, 4 
S, 145, 1615875993, 797735, 10
R, 146, 1615875993 , 858167, 4 
S, 146, 1615875994, 348252, 10
R, 147, 1615875994 , 368208, 4 
S, 147, 1615875994, 898803, 10
R, 148, 1615875994 , 918341, 4 
S, 148, 1615875995, 449167, 10
R, 149, 1615875995 , 509766, 4 
S, 149, 1615875995, 999552, 10
R, 150, 1615875996 , 19968, 4 
S, 150, 1615875996, 550125, 10
R, 151, 1615875996 , 571456, 4 
S, 151, 1615875997, 100495, 10
R, 152, 1615875997 , 161692, 4 
S, 152, 1615875997, 651099, 10
R, 153, 1615875997 , 669829, 4 
S, 153, 1615875998, 201644, 10
R, 154, 1615875998 , 220792, 4 
S, 154, 1615875998, 752237, 10
R, 155, 1615875998 , 814647, 4 
S, 155, 1615875999, 302742, 10
R, 156, 1615875999 , 321946, 4 
S, 156, 1615875999, 853321, 10
R, 157, 1615875999 , 872109, 4 
S, 157, 1615876000, 403693, 10
R, 158, 1615876000 , 466087, 4 
S, 158, 1615876000, 954175, 10
R, 159, 1615876000 , 974436, 4 
S, 159, 1615876001, 504703, 10
R, 160, 1615876001 , 524580, 4 
S, 160, 1615876002, 55065, 10
R, 161, 1615876002 , 114750, 4 
S, 161, 1615876002, 605575, 10
R, 162, 1615876002 , 625527, 4 
S, 162, 1615876003, 156136, 10
R, 163, 1615876003 , 177012, 4 
S, 163, 1615876003, 706730, 10
R, 164, 1615876003 , 765973, 4 
S, 164, 1615876004, 257264, 10
R, 165, 1615876004 , 276754, 4 
S, 165, 1615876004, 807896, 10
R, 166, 1615876004 , 827599, 4 
S, 166, 1615876005, 358268, 10
R, 167, 1615876005 , 421633, 4 
S, 167, 1615876005, 908637, 10
R, 168, 1615876005 , 927926, 4 
S, 168, 1615876006, 459182, 10
R, 169, 1615876006 , 479340, 4 
S, 169, 1615876007, 9548, 10
R, 170, 1615876007 , 70152, 4 
S, 170, 1615876007, 560038, 10
R, 171, 1615876007 , 579045, 4 
S, 171, 1615876008, 110609, 10
R, 172, 1615876008 , 129780, 4 
S, 172, 1615876008, 661203, 10
R, 173, 1615876008 , 722779, 4 
S, 173, 1615876009, 211773, 10
R, 174, 1615876009 , 232281, 4 
S, 174, 1615876009, 762405, 10
R, 175, 1615876009 , 781820, 4 
S, 175, 1615876010, 312778, 10
R, 176, 1615876010 , 373948, 4 
S, 176, 1615876010, 863280, 10
R, 177, 1615876010 , 882771, 4 
S, 177, 1615876011, 413833, 10
R, 178, 1615876011 , 432972, 4 
S, 178, 1615876011, 964196, 10
R, 179, 1615876012 , 26353, 4 
S, 179, 1615876012, 514707, 10
R, 180, 1615876012 , 534635, 4 
S, 180, 1615876013, 65241, 10
R, 181, 1615876013 , 84917, 4 
S, 181, 1615876013, 615663, 10
R, 182, 1615876013 , 678350, 4 
S, 182, 1615876014, 166175, 10
R, 183, 1615876014 , 189337, 4 
S, 183, 1615876014, 716790, 10
R, 184, 1615876014 , 736857, 4 
S, 184, 1615876015, 267200, 10
R, 185, 1615876015 , 325731, 4 
S, 185, 1615876015, 817709, 10
R, 186, 1615876015 , 837284, 4 
S, 186, 1615876016, 368287, 10
R, 187, 1615876016 , 388655, 4 
S, 187, 1615876016, 918643, 10
R, 188, 1615876016 , 977643, 4 
S, 188, 1615876017, 469151, 10
S, 189, 1615876018, 19678, 10
R, 190, 1615876018 , 39249, 4 
S, 190, 1615876018, 570114, 10
R, 191, 1615876018 , 633491, 4 
S, 191, 1615876019, 120623, 10
R, 192, 1615876019 , 139787, 4 
S, 192, 1615876019, 671246, 10
R, 193, 1615876019 , 691857, 4 
S, 193, 1615876020, 221620, 10
R, 194, 1615876020 , 285905, 4 
S, 194, 1615876020, 772111, 10
R, 195, 1615876020 , 792209, 4 
S, 195, 1615876021, 322699, 10
R, 196, 1615876021 , 342380, 4 
S, 196, 1615876021, 873352, 10
R, 197, 1615876021 , 938402, 4 
S, 197, 1615876022, 423739, 10
R, 198, 1615876022 , 443421, 4 
S, 198, 1615876022, 974290, 10
R, 199, 1615876022 , 993637, 4 
S, 199, 1615876023, 524883, 10
R, 200, 1615876023 , 586358, 4 
S, 200, 1615876024, 75273, 10
R, 201, 1615876024 , 96651, 4 
S, 201, 1615876024, 625905, 10
R, 202, 1615876024 , 645476, 4 
S, 202, 1615876025, 176270, 10
R, 203, 1615876025 , 241465, 4 
S, 203, 1615876025, 726777, 10
R, 204, 1615876025 , 745742, 4 
S, 204, 1615876026, 277168, 10
R, 205, 1615876026 , 296548, 4 
S, 205, 1615876026, 827690, 10
R, 206, 1615876026 , 889443, 4 
S, 206, 1615876027, 378218, 10
R, 207, 1615876027 , 398174, 4 
S, 207, 1615876027, 928763, 10
R, 208, 1615876027 , 948420, 4 
S, 208, 1615876028, 479343, 10
R, 209, 1615876028 , 538589, 4 
S, 209, 1615876029, 29871, 10
R, 210, 1615876029 , 49748, 4 
S, 210, 1615876029, 580521, 10
R, 211, 1615876029 , 599861, 4 
S, 211, 1615876030, 131088, 10
R, 212, 1615876030 , 193855, 4 
S, 212, 1615876030, 681444, 10
R, 213, 1615876030 , 700122, 4 
S, 213, 1615876031, 231984, 10
R, 214, 1615876031 , 251600, 4 
S, 214, 1615876031, 782367, 10
R, 215, 1615876031 , 845622, 4 
S, 215, 1615876032, 332878, 10
S, 216, 1615876032, 883432, 10
R, 217, 1615876032 , 902688, 4 
S, 217, 1615876033, 433868, 10
R, 218, 1615876033 , 494779, 4 
S, 218, 1615876033, 984424, 10
R, 219, 1615876034 , 5055, 4 
S, 219, 1615876034, 535038, 10
R, 220, 1615876034 , 554547, 4 
S, 220, 1615876035, 85421, 10
R, 221, 1615876035 , 146033, 4 
S, 221, 1615876035, 635914, 10
R, 222, 1615876035 , 662117, 4 
S, 222, 1615876036, 186496, 10
R, 223, 1615876036 , 206500, 4 
S, 223, 1615876036, 736853, 10
R, 224, 1615876036 , 802505, 4 
S, 224, 1615876037, 287229, 10
R, 225, 1615876037 , 307509, 4 
S, 225, 1615876037, 837760, 10
R, 226, 1615876037 , 856467, 4 
S, 226, 1615876038, 388347, 10
R, 227, 1615876038 , 449857, 4 
S, 227, 1615876038, 938731, 10
R, 228, 1615876038 , 959598, 4 
S, 228, 1615876039, 489378, 10
R, 229, 1615876039 , 509001, 4 
S, 229, 1615876040, 39754, 10
R, 230, 1615876040 , 101775, 4 
S, 230, 1615876040, 590262, 10
R, 231, 1615876040 , 609340, 4 
S, 231, 1615876041, 140947, 10
S, 232, 1615876041, 691304, 10
R, 233, 1615876041 , 750967, 4 
S, 233, 1615876042, 241723, 10
R, 234, 1615876042 , 261107, 4 
S, 234, 1615876042, 792116, 10
R, 235, 1615876042 , 811254, 4 
S, 235, 1615876043, 342685, 10
R, 236, 1615876043 , 405897, 4 
S, 236, 1615876043, 893221, 10
S, 237, 1615876044, 443857, 10
R, 238, 1615876044 , 464751, 4 
S, 238, 1615876044, 994261, 10
R, 239, 1615876045 , 53645, 4 
S, 239, 1615876045, 544819, 10
R, 240, 1615876045 , 564346, 4 
S, 240, 1615876046, 95348, 10
R, 241, 1615876046 , 119693, 4 
S, 241, 1615876046, 645712, 10
R, 242, 1615876046 , 705996, 4 
S, 242, 1615876047, 196189, 10
R, 243, 1615876047 , 215537, 4 
S, 243, 1615876047, 746705, 10
R, 244, 1615876047 , 765712, 4 
S, 244, 1615876048, 297089, 10
R, 245, 1615876048 , 357808, 4 
S, 245, 1615876048, 847703, 10
S, 246, 1615876049, 398328, 10
R, 247, 1615876049 , 417605, 4 
S, 247, 1615876049, 948714, 10
R, 248, 1615876049 , 967820, 4 
S, 248, 1615876050, 499229, 10
R, 249, 1615876050 , 558495, 4 
S, 249, 1615876051, 49712, 10
R, 250, 1615876051 , 69979, 4 
S, 250, 1615876051, 600310, 10
R, 251, 1615876051 , 620138, 4 
S, 251, 1615876052, 150747, 10
R, 252, 1615876052 , 211000, 4 
S, 252, 1615876052, 701249, 10
R, 253, 1615876052 , 721117, 4 
S, 253, 1615876053, 251769, 10
R, 254, 1615876053 , 271329, 4 
S, 254, 1615876053, 802359, 10
R, 255, 1615876053 , 862839, 4 
S, 255, 1615876054, 352723, 10
R, 256, 1615876054 , 372964, 4 
S, 256, 1615876054, 903297, 10
R, 257, 1615876054 , 923074, 4 
S, 257, 1615876055, 453652, 10
R, 258, 1615876055 , 514580, 4 
S, 258, 1615876056, 4157, 10
R, 259, 1615876056 , 22778, 4 
S, 259, 1615876056, 554767, 10
R, 260, 1615876056 , 574212, 4 
S, 260, 1615876057, 105134, 10
R, 261, 1615876057 , 166308, 4 
S, 261, 1615876057, 655684, 10
R, 262, 1615876057 , 675143, 4 
S, 262, 1615876058, 206222, 10
S, 263, 1615876058, 756816, 10
R, 264, 1615876058 , 818107, 4 
S, 264, 1615876059, 307195, 10
R, 265, 1615876059 , 327955, 4 
S, 265, 1615876059, 857825, 10
R, 266, 1615876059 , 878071, 4 
S, 266, 1615876060, 408194, 10
R, 267, 1615876060 , 470188, 4 
S, 267, 1615876060, 958695, 10
R, 268, 1615876060 , 979691, 4 
S, 268, 1615876061, 509226, 10
R, 269, 1615876061 , 528588, 4 
S, 269, 1615876062, 59591, 10
S, 270, 1615876062, 610089, 10
R, 271, 1615876062 , 670242, 4 
S, 271, 1615876063, 160458, 10
R, 272, 1615876063 , 181114, 4 
S, 272, 1615876063, 711168, 10
R, 273, 1615876063 , 731873, 4 
S, 273, 1615876064, 261705, 10
S, 274, 1615876064, 812282, 10
S, 275, 1615876065, 362797, 10
R, 276, 1615876065 , 381743, 4 
S, 276, 1615876065, 913160, 10
S, 277, 1615876066, 463650, 10
R, 278, 1615876066 , 484059, 4 
S, 278, 1615876067, 14141, 10
R, 279, 1615876067 , 74208, 4 
S, 279, 1615876067, 564634, 10
R, 280, 1615876067 , 584374, 4 
S, 280, 1615876068, 115168, 10
R, 281, 1615876068 , 133928, 4 
S, 281, 1615876068, 665752, 10
R, 282, 1615876068 , 726069, 4 
S, 282, 1615876069, 216115, 10
S, 283, 1615876069, 766744, 10
S, 284, 1615876070, 317131, 10
R, 285, 1615876070 , 378507, 4 
S, 285, 1615876070, 867516, 10
S, 286, 1615876071, 418110, 10
S, 287, 1615876071, 968612, 10
S, 288, 1615876072, 518991, 10
R, 289, 1615876072 , 577233, 4 
S, 289, 1615876073, 69474, 10
R, 290, 1615876073 , 88705, 4 
S, 290, 1615876073, 620099, 10
R, 291, 1615876073 , 647365, 4 
S, 291, 1615876074, 170472, 10
S, 292, 1615876074, 721113, 10
R, 293, 1615876074 , 740161, 4 
S, 293, 1615876075, 271607, 10
S, 294, 1615876075, 822107, 10
S, 295, 1615876076, 372477, 10
S, 296, 1615876076, 923044, 10
S, 297, 1615876077, 473549, 10
S, 298, 1615876078, 24050, 10
S, 299, 1615876078, 574676, 10
S, 300, 1615876079, 125072, 10
S, 301, 1615876079, 675673, 10
S, 302, 1615876080, 226060, 10
S, 303, 1615876080, 776569, 10
S, 304, 1615876081, 327064, 10
R, 305, 1615876081 , 346714, 4 
S, 305, 1615876081, 877763, 10
R, 306, 1615876081 , 898148, 4 
S, 306, 1615876082, 428146, 10
S, 307, 1615876082, 978656, 10
S, 308, 1615876083, 529266, 10
S, 309, 1615876084, 79672, 10
S, 310, 1615876084, 630262, 10
S, 311, 1615876085, 180722, 10
S, 312, 1615876085, 731221, 10
S, 313, 1615876086, 281700, 10
S, 314, 1615876086, 832213, 10
R, 315, 1615876086 , 894572, 4 
S, 315, 1615876087, 382778, 10
R, 316, 1615876087 , 402131, 4 
S, 316, 1615876087, 933194, 10
S, 317, 1615876088, 483783, 10
R, 318, 1615876088 , 505838, 4 
S, 318, 1615876089, 34320, 10
S, 319, 1615876089, 584890, 10
S, 320, 1615876090, 135266, 10
R, 321, 1615876090 , 198761, 4 
S, 321, 1615876090, 685792, 10
R, 322, 1615876090 , 705127, 4 
S, 322, 1615876091, 236322, 10
R, 323, 1615876091 , 255983, 4 
S, 323, 1615876091, 786867, 10
S, 324, 1615876092, 337220, 10
R, 325, 1615876092 , 357007, 4 
S, 325, 1615876092, 887697, 10
R, 326, 1615876092 , 907802, 4 
S, 326, 1615876093, 438242, 10
R, 327, 1615876093 , 499271, 4 
S, 327, 1615876093, 988797, 10
S, 328, 1615876094, 539412, 10
S, 329, 1615876095, 89795, 10
R, 330, 1615876095 , 113263, 4 
S, 330, 1615876095, 640309, 10
S, 331, 1615876096, 190754, 10
R, 332, 1615876096 , 213108, 4 
S, 332, 1615876096, 741245, 10
S, 333, 1615876097, 291749, 10
S, 334, 1615876097, 842227, 10
S, 335, 1615876098, 392815, 10
R, 336, 1615876098 , 458337, 4 
S, 336, 1615876098, 943269, 10
S, 337, 1615876099, 493922, 10
S, 338, 1615876100, 44302, 10
S, 339, 1615876100, 594691, 10
S, 340, 1615876101, 145174, 10
S, 341, 1615876101, 695662, 10
S, 342, 1615876102, 246013, 10
R, 343, 1615876102 , 310552, 4 
S, 343, 1615876102, 796509, 10
S, 344, 1615876103, 347038, 10
S, 345, 1615876103, 897654, 10
S, 346, 1615876104, 448108, 10
S, 347, 1615876104, 998642, 10
S, 348, 1615876105, 549011, 10
S, 349, 1615876106, 99493, 10
S, 350, 1615876106, 650088, 10
S, 351, 1615876107, 200456, 10
S, 352, 1615876107, 750893, 10
S, 353, 1615876108, 301275, 10
R, 354, 1615876108 , 362346, 4 
S, 354, 1615876108, 852029, 10
R, 355, 1615876108 , 876501, 4 
S, 355, 1615876109, 402440, 10
S, 356, 1615876109, 953038, 10
S, 357, 1615876110, 503400, 10
S, 358, 1615876111, 54017, 10
S, 359, 1615876111, 604381, 10
R, 360, 1615876111 , 625556, 4 
S, 360, 1615876112, 154770, 10
S, 361, 1615876112, 705120, 10
S, 362, 1615876113, 255482, 10
R, 363, 1615876113 , 322029, 4 
S, 363, 1615876113, 806226, 10
S, 364, 1615876114, 356628, 10
S, 365, 1615876114, 907356, 10
S, 366, 1615876115, 457740, 10
S, 367, 1615876116, 8105, 10
S, 368, 1615876116, 558803, 10
R, 369, 1615876116 , 580100, 4 
S, 369, 1615876117, 109184, 10
S, 370, 1615876117, 659556, 10
R, 371, 1615876117 , 722401, 4 
S, 371, 1615876118, 209929, 10
R, 372, 1615876118 , 230679, 4 
S, 372, 1615876118, 760754, 10
R, 373, 1615876118 , 782785, 4 
S, 373, 1615876119, 311124, 10
R, 374, 1615876119 , 370984, 4 
S, 374, 1615876119, 861821, 10
R, 375, 1615876119 , 881945, 4 
S, 375, 1615876120, 412233, 10
R, 376, 1615876120 , 432403, 4 
S, 376, 1615876120, 962833, 10
S, 377, 1615876121, 513193, 10
R, 378, 1615876121 , 533309, 4 
S, 378, 1615876122, 63557, 10
S, 379, 1615876122, 614144, 10
R, 380, 1615876122 , 674885, 4 
S, 380, 1615876123, 164512, 10
R, 381, 1615876123 , 184463, 4 
S, 381, 1615876123, 715190, 10
S, 382, 1615876124, 265575, 10
R, 383, 1615876124 , 326211, 4 
S, 383, 1615876124, 816014, 10
S, 384, 1615876125, 366418, 10
R, 385, 1615876125 , 386600, 4 
S, 385, 1615876125, 917000, 10
R, 386, 1615876125 , 978707, 4 
S, 386, 1615876126, 467357, 10
R, 387, 1615876126 , 486891, 4 
S, 387, 1615876127, 18016, 10
R, 388, 1615876127 , 37002, 4 
S, 388, 1615876127, 568392, 10
R, 389, 1615876127 , 631135, 4 
S, 389, 1615876128, 118771, 10
R, 390, 1615876128 , 138635, 4 
S, 390, 1615876128, 669528, 10
R, 391, 1615876128 , 688814, 4 
S, 391, 1615876129, 219941, 10
R, 392, 1615876129 , 282867, 4 
S, 392, 1615876129, 770357, 10
R, 393, 1615876129 , 791129, 4 
S, 393, 1615876130, 321050, 10
R, 394, 1615876130 , 340729, 4 
S, 394, 1615876130, 871657, 10
S, 395, 1615876131, 422012, 10
R, 396, 1615876131 , 442898, 4 
S, 396, 1615876131, 972662, 10
R, 397, 1615876131 , 993762, 4 
S, 397, 1615876132, 523030, 10
S, 398, 1615876133, 73400, 10
R, 399, 1615876133 , 93312, 4 
S, 399, 1615876133, 624145, 10
R, 400, 1615876133 , 644721, 4 
S, 400, 1615876134, 174524, 10
R, 401, 1615876134 , 234938, 4 
S, 401, 1615876134, 724954, 10
R, 402, 1615876134 , 744472, 4 
S, 402, 1615876135, 275398, 10
S, 403, 1615876135, 825766, 10
R, 404, 1615876135 , 890787, 4 
S, 404, 1615876136, 376387, 10
S, 405, 1615876136, 926793, 10
S, 406, 1615876137, 477175, 10
S, 407, 1615876138, 27824, 10
R, 408, 1615876138 , 47730, 4 
S, 408, 1615876138, 578564, 10
R, 409, 1615876138 , 598473, 4 
S, 409, 1615876139, 128952, 10
R, 410, 1615876139 , 194466, 4 
S, 410, 1615876139, 679377, 10
R, 411, 1615876139 , 698777, 4 
S, 411, 1615876140, 229799, 10
R, 412, 1615876140 , 248358, 4 
S, 412, 1615876140, 780160, 10
R, 413, 1615876140 , 843075, 4 
S, 413, 1615876141, 330920, 10
R, 414, 1615876141 , 350162, 4 
S, 414, 1615876141, 881444, 10
S, 415, 1615876142, 431858, 10
S, 416, 1615876142, 982479, 10
S, 417, 1615876143, 532857, 10
R, 418, 1615876143 , 552641, 4 
S, 418, 1615876144, 83587, 10
R, 419, 1615876144 , 146723, 4 
S, 419, 1615876144, 634011, 10
S, 420, 1615876145, 184415, 10
S, 421, 1615876145, 734775, 10
R, 422, 1615876145 , 794754, 4 
S, 422, 1615876146, 285398, 10
S, 423, 1615876146, 835966, 10
R, 424, 1615876146 , 855817, 4 
S, 424, 1615876147, 386344, 10
R, 425, 1615876147 , 446566, 4 
S, 425, 1615876147, 936743, 10
R, 426, 1615876147 , 956698, 4 
S, 426, 1615876148, 487176, 10
R, 427, 1615876148 , 510806, 4 
S, 427, 1615876149, 37843, 10
R, 428, 1615876149 , 102905, 4 
S, 428, 1615876149, 588483, 10
R, 429, 1615876149 , 607862, 4 
S, 429, 1615876150, 138882, 10
R, 430, 1615876150 , 158809, 4 
S, 430, 1615876150, 689258, 10
R, 431, 1615876150 , 751123, 4 
S, 431, 1615876151, 239873, 10
S, 432, 1615876151, 790267, 10
R, 433, 1615876151 , 809978, 4 
S, 433, 1615876152, 340990, 10
R, 434, 1615876152 , 403396, 4 
S, 434, 1615876152, 891354, 10
R, 435, 1615876152 , 912242, 4 
S, 435, 1615876153, 441762, 10
R, 436, 1615876153 , 471480, 4 
S, 436, 1615876153, 992193, 10
R, 437, 1615876154 , 50690, 4 
S, 437, 1615876154, 542906, 10
R, 438, 1615876154 , 564675, 4 
S, 438, 1615876155, 93302, 10
R, 439, 1615876155 , 113561, 4 
S, 439, 1615876155, 643672, 10
R, 440, 1615876155 , 703192, 4 
S, 440, 1615876156, 194294, 10
R, 441, 1615876156 , 213963, 4 
S, 441, 1615876156, 744703, 10
R, 442, 1615876156 , 764148, 4 
S, 442, 1615876157, 295071, 10
R, 443, 1615876157 , 354304, 4 
S, 443, 1615876157, 845707, 10
R, 444, 1615876157 , 865037, 4 
S, 444, 1615876158, 396101, 10
R, 445, 1615876158 , 415198, 4 
S, 445, 1615876158, 946816, 10
R, 446, 1615876159 , 6615, 4 
S, 446, 1615876159, 497535, 10
R, 447, 1615876159 , 516781, 4 
S, 447, 1615876160, 47938, 10
S, 448, 1615876160, 598567, 10
R, 449, 1615876160 , 658973, 4 
S, 449, 1615876161, 148927, 10
R, 450, 1615876161 , 169176, 4 
S, 450, 1615876161, 699332, 10
R, 451, 1615876161 , 719410, 4 
S, 451, 1615876162, 249988, 10
R, 452, 1615876162 , 310192, 4 
S, 452, 1615876162, 800547, 10
R, 453, 1615876162 , 820381, 4 
S, 453, 1615876163, 351275, 10
S, 454, 1615876163, 901711, 10
R, 455, 1615876163 , 962515, 4 
S, 455, 1615876164, 452098, 10
R, 456, 1615876164 , 472762, 4 
S, 456, 1615876165, 2523, 10
R, 457, 1615876165 , 22933, 4 
S, 457, 1615876165, 553171, 10
R, 458, 1615876165 , 614781, 4 
S, 458, 1615876166, 103538, 10
R, 459, 1615876166 , 123623, 4 
S, 459, 1615876166, 654181, 10
R, 460, 1615876166 , 673759, 4 
S, 460, 1615876167, 204546, 10
R, 461, 1615876167 , 270406, 4 
S, 461, 1615876167, 754912, 10
R, 462, 1615876167 , 774774, 4 
S, 462, 1615876168, 305322, 10
R, 463, 1615876168 , 325572, 4 
S, 463, 1615876168, 856027, 10
S, 464, 1615876169, 406398, 10
R, 465, 1615876169 , 465979, 4 
S, 465, 1615876169, 956833, 10
R, 466, 1615876169 , 976088, 4 
S, 466, 1615876170, 507476, 10
R, 467, 1615876170 , 526997, 4 
S, 467, 1615876171, 57844, 10
R, 468, 1615876171 , 119221, 4 
S, 468, 1615876171, 608213, 10
R, 469, 1615876171 , 628025, 4 
S, 469, 1615876172, 158624, 10
R, 470, 1615876172 , 178800, 4 
S, 470, 1615876172, 709233, 10
R, 471, 1615876172 , 774105, 4 
S, 471, 1615876173, 259591, 10
R, 472, 1615876173 , 279808, 4 
S, 472, 1615876173, 810349, 10
R, 473, 1615876173 , 830646, 4 
S, 473, 1615876174, 361077, 10
R, 474, 1615876174 , 422632, 4 
S, 474, 1615876174, 911494, 10
R, 475, 1615876174 , 931477, 4 
S, 475, 1615876175, 461903, 10
R, 476, 1615876175 , 482388, 4 
S, 476, 1615876176, 12520, 10
R, 477, 1615876176 , 74605, 4 
S, 477, 1615876176, 562933, 10
R, 478, 1615876176 , 586562, 4 
S, 478, 1615876177, 113338, 10
R, 479, 1615876177 , 132882, 4 
S, 479, 1615876177, 663932, 10
R, 480, 1615876177 , 723033, 4 
S, 480, 1615876178, 214562, 10
R, 481, 1615876178 , 233833, 4 
S, 481, 1615876178, 765322, 10
R, 482, 1615876178 , 784620, 4 
S, 482, 1615876179, 315705, 10
R, 483, 1615876179 , 379417, 4 
S, 483, 1615876179, 866120, 10
R, 484, 1615876179 , 886824, 4 
S, 484, 1615876180, 416559, 10
R, 485, 1615876180 , 436334, 4 
S, 485, 1615876180, 967170, 10
R, 486, 1615876181 , 30082, 4 
S, 486, 1615876181, 517544, 10
R, 487, 1615876181 , 536333, 4 
S, 487, 1615876182, 67974, 10
R, 488, 1615876182 , 87831, 4 
S, 488, 1615876182, 618591, 10
R, 489, 1615876182 , 678611, 4 
S, 489, 1615876183, 169363, 10
R, 490, 1615876183 , 190099, 4 
S, 490, 1615876183, 719825, 10
R, 491, 1615876183 , 740278, 4 
S, 491, 1615876184, 270399, 10
R, 492, 1615876184 , 334975, 4 
S, 492, 1615876184, 821056, 10
R, 493, 1615876184 , 839928, 4 
S, 493, 1615876185, 371696, 10
R, 494, 1615876185 , 391417, 4 
S, 494, 1615876185, 922063, 10
R, 495, 1615876185 , 982366, 4 
S, 495, 1615876186, 472425, 10
R, 496, 1615876186 , 491857, 4 
S, 496, 1615876187, 22826, 10
R, 497, 1615876187 , 41368, 4 
S, 497, 1615876187, 573446, 10
R, 498, 1615876187 , 634759, 4 
S, 498, 1615876188, 123826, 10
R, 499, 1615876188 , 145608, 4 
S, 499, 1615876188, 674549, 10
R, 500, 1615876188 , 693847, 4 
