Type, Id paq, time stamp segundos, micro, long paq 
S, 0, 1615886758, 714199, 10
R, 1, 1615886758 , 735438, 4 
S, 1, 1615886759, 465093, 10
R, 2, 1615886759 , 525682, 4 
S, 2, 1615886760, 215971, 10
R, 3, 1615886760 , 235949, 4 
S, 3, 1615886760, 966787, 10
R, 4, 1615886760 , 987522, 4 
S, 4, 1615886761, 717597, 10
R, 5, 1615886761 , 777588, 4 
S, 5, 1615886762, 468538, 10
R, 6, 1615886762 , 492987, 4 
S, 6, 1615886763, 219477, 10
R, 7, 1615886763 , 239530, 4 
S, 7, 1615886763, 970284, 10
R, 8, 1615886764 , 33088, 4 
S, 8, 1615886764, 721133, 10
R, 9, 1615886764 , 740295, 4 
S, 9, 1615886765, 471961, 10
R, 10, 1615886765 , 492467, 4 
S, 10, 1615886766, 222740, 10
R, 11, 1615886766 , 289881, 4 
S, 11, 1615886766, 973551, 10
R, 12, 1615886766 , 995013, 4 
S, 12, 1615886767, 724562, 10
R, 13, 1615886767 , 749965, 4 
S, 13, 1615886768, 475456, 10
R, 14, 1615886768 , 537025, 4 
S, 14, 1615886769, 226232, 10
R, 15, 1615886769 , 246017, 4 
S, 15, 1615886769, 977053, 10
R, 16, 1615886769 , 997024, 4 
S, 16, 1615886770, 727899, 10
S, 17, 1615886771, 478686, 10
R, 18, 1615886771 , 500049, 4 
S, 18, 1615886772, 229471, 10
R, 19, 1615886772 , 250353, 4 
S, 19, 1615886772, 980425, 10
R, 20, 1615886773 , 41443, 4 
S, 20, 1615886773, 731221, 10
R, 21, 1615886773 , 751725, 4 
S, 21, 1615886774, 482044, 10
R, 22, 1615886774 , 502643, 4 
S, 22, 1615886775, 232819, 10
R, 23, 1615886775 , 293637, 4 
S, 23, 1615886775, 983615, 10
R, 24, 1615886776 , 5142, 4 
S, 24, 1615886776, 734531, 10
R, 25, 1615886776 , 754856, 4 
S, 25, 1615886777, 485141, 10
R, 26, 1615886777 , 545104, 4 
S, 26, 1615886778, 235739, 10
R, 27, 1615886778 , 256191, 4 
S, 27, 1615886778, 986319, 10
R, 28, 1615886779 , 7139, 4 
S, 28, 1615886779, 736853, 10
S, 29, 1615886780, 487377, 10
R, 30, 1615886780 , 507231, 4 
S, 30, 1615886781, 237890, 10
R, 31, 1615886781 , 261392, 4 
S, 31, 1615886781, 988271, 10
R, 32, 1615886782 , 49729, 4 
S, 32, 1615886782, 738699, 10
R, 33, 1615886782 , 758838, 4 
S, 33, 1615886783, 489166, 10
R, 34, 1615886783 , 509767, 4 
S, 34, 1615886784, 239556, 10
R, 35, 1615886784 , 301304, 4 
S, 35, 1615886784, 989926, 10
R, 36, 1615886785 , 11585, 4 
S, 36, 1615886785, 740329, 10
R, 37, 1615886785 , 759930, 4 
S, 37, 1615886786, 490714, 10
R, 38, 1615886786 , 554138, 4 
S, 38, 1615886787, 241116, 10
R, 39, 1615886787 , 261143, 4 
S, 39, 1615886787, 991592, 10
R, 40, 1615886788 , 12247, 4 
S, 40, 1615886788, 742014, 10
R, 41, 1615886788 , 801858, 4 
S, 41, 1615886789, 492400, 10
R, 42, 1615886789 , 513427, 4 
S, 42, 1615886790, 242804, 10
R, 43, 1615886790 , 263823, 4 
S, 43, 1615886790, 993181, 10
R, 44, 1615886791 , 54086, 4 
S, 44, 1615886791, 743540, 10
R, 45, 1615886791 , 763769, 4 
S, 45, 1615886792, 494054, 10
R, 46, 1615886792 , 513979, 4 
S, 46, 1615886793, 244484, 10
R, 47, 1615886793 , 305084, 4 
S, 47, 1615886793, 994867, 10
R, 48, 1615886794 , 15367, 4 
S, 48, 1615886794, 745302, 10
R, 49, 1615886794 , 766542, 4 
S, 49, 1615886795, 495684, 10
R, 50, 1615886795 , 561335, 4 
S, 50, 1615886796, 246060, 10
R, 51, 1615886796 , 266455, 4 
S, 51, 1615886796, 996470, 10
R, 52, 1615886797 , 16781, 4 
S, 52, 1615886797, 746895, 10
R, 53, 1615886797 , 809805, 4 
S, 53, 1615886798, 497322, 10
R, 54, 1615886798 , 518164, 4 
S, 54, 1615886799, 247734, 10
R, 55, 1615886799 , 267828, 4 
S, 55, 1615886799, 998107, 10
R, 56, 1615886800 , 60689, 4 
S, 56, 1615886800, 748506, 10
R, 57, 1615886800 , 769673, 4 
S, 57, 1615886801, 498908, 10
R, 58, 1615886801 , 519333, 4 
S, 58, 1615886802, 249283, 10
R, 59, 1615886802 , 308983, 4 
S, 59, 1615886802, 999725, 10
R, 60, 1615886803 , 20021, 4 
S, 60, 1615886803, 750123, 10
R, 61, 1615886803 , 775460, 4 
S, 61, 1615886804, 500502, 10
R, 62, 1615886804 , 561257, 4 
S, 62, 1615886805, 250879, 10
R, 63, 1615886805 , 274134, 4 
S, 63, 1615886806, 1283, 10
R, 64, 1615886806 , 22452, 4 
S, 64, 1615886806, 751691, 10
R, 65, 1615886806 , 813414, 4 
S, 65, 1615886807, 502114, 10
R, 66, 1615886807 , 522395, 4 
S, 66, 1615886808, 252581, 10
R, 67, 1615886808 , 272840, 4 
S, 67, 1615886809, 2963, 10
R, 68, 1615886809 , 61833, 4 
S, 68, 1615886809, 753332, 10
R, 69, 1615886809 , 773748, 4 
S, 69, 1615886810, 503816, 10
R, 70, 1615886810 , 525918, 4 
S, 70, 1615886811, 254188, 10
R, 71, 1615886811 , 313022, 4 
S, 71, 1615886812, 4569, 10
R, 72, 1615886812 , 25938, 4 
S, 72, 1615886812, 755045, 10
R, 73, 1615886812 , 775005, 4 
S, 73, 1615886813, 505469, 10
R, 74, 1615886813 , 564669, 4 
S, 74, 1615886814, 255829, 10
R, 75, 1615886814 , 275600, 4 
S, 75, 1615886815, 6254, 10
R, 76, 1615886815 , 25890, 4 
S, 76, 1615886815, 756622, 10
R, 77, 1615886815 , 816834, 4 
S, 77, 1615886816, 506990, 10
R, 78, 1615886816 , 527772, 4 
S, 78, 1615886817, 257438, 10
R, 79, 1615886817 , 277475, 4 
S, 79, 1615886818, 7877, 10
R, 80, 1615886818 , 69210, 4 
S, 80, 1615886818, 758285, 10
R, 81, 1615886818 , 779516, 4 
S, 81, 1615886819, 508693, 10
R, 82, 1615886819 , 528512, 4 
S, 82, 1615886820, 259068, 10
R, 83, 1615886820 , 316878, 4 
S, 83, 1615886821, 9460, 10
R, 84, 1615886821 , 29843, 4 
S, 84, 1615886821, 759958, 10
R, 85, 1615886821 , 780026, 4 
S, 85, 1615886822, 510394, 10
R, 86, 1615886822 , 569638, 4 
S, 86, 1615886823, 260818, 10
R, 87, 1615886823 , 280714, 4 
S, 87, 1615886824, 11238, 10
R, 88, 1615886824 , 31685, 4 
S, 88, 1615886824, 761628, 10
R, 89, 1615886824 , 820898, 4 
S, 89, 1615886825, 512004, 10
R, 90, 1615886825 , 534409, 4 
S, 90, 1615886826, 262416, 10
R, 91, 1615886826 , 282781, 4 
S, 91, 1615886827, 12791, 10
R, 92, 1615886827 , 73790, 4 
S, 92, 1615886827, 763216, 10
R, 93, 1615886827 , 784208, 4 
S, 93, 1615886828, 513756, 10
S, 94, 1615886829, 264140, 10
R, 95, 1615886829 , 325958, 4 
S, 95, 1615886830, 14576, 10
R, 96, 1615886830 , 34974, 4 
S, 96, 1615886830, 765024, 10
R, 97, 1615886830 , 785896, 4 
S, 97, 1615886831, 515408, 10
S, 98, 1615886832, 265799, 10
R, 99, 1615886832 , 286980, 4 
S, 99, 1615886833, 16265, 10
R, 100, 1615886833 , 36118, 4 
S, 100, 1615886833, 766650, 10
S, 101, 1615886834, 517028, 10
R, 102, 1615886834 , 536667, 4 
S, 102, 1615886835, 267393, 10
R, 103, 1615886835 , 288349, 4 
S, 103, 1615886836, 17767, 10
R, 104, 1615886836 , 81253, 4 
S, 104, 1615886836, 768151, 10
R, 105, 1615886836 , 788341, 4 
S, 105, 1615886837, 518614, 10
R, 106, 1615886837 , 539267, 4 
S, 106, 1615886838, 269036, 10
R, 107, 1615886838 , 329667, 4 
S, 107, 1615886839, 19426, 10
R, 108, 1615886839 , 40580, 4 
S, 108, 1615886839, 769835, 10
R, 109, 1615886839 , 789749, 4 
S, 109, 1615886840, 520204, 10
R, 110, 1615886840 , 581972, 4 
S, 110, 1615886841, 270558, 10
R, 111, 1615886841 , 290996, 4 
S, 111, 1615886842, 20977, 10
R, 112, 1615886842 , 41313, 4 
S, 112, 1615886842, 771408, 10
R, 113, 1615886842 , 833746, 4 
S, 113, 1615886843, 521830, 10
R, 114, 1615886843 , 545247, 4 
S, 114, 1615886844, 272249, 10
R, 115, 1615886844 , 292324, 4 
S, 115, 1615886845, 22620, 10
R, 116, 1615886845 , 85873, 4 
S, 116, 1615886845, 773009, 10
S, 117, 1615886846, 523417, 10
R, 118, 1615886846 , 543852, 4 
S, 118, 1615886847, 273837, 10
R, 119, 1615886847 , 333429, 4 
S, 119, 1615886848, 24280, 10
R, 120, 1615886848 , 44502, 4 
S, 120, 1615886848, 774756, 10
R, 121, 1615886848 , 796055, 4 
S, 121, 1615886849, 525127, 10
R, 122, 1615886849 , 589579, 4 
S, 122, 1615886850, 275504, 10
R, 123, 1615886850 , 296614, 4 
S, 123, 1615886851, 25912, 10
R, 124, 1615886851 , 46890, 4 
S, 124, 1615886851, 776277, 10
R, 125, 1615886851 , 837846, 4 
S, 125, 1615886852, 526698, 10
R, 126, 1615886852 , 547428, 4 
S, 126, 1615886853, 277162, 10
R, 127, 1615886853 , 297239, 4 
S, 127, 1615886854, 27543, 10
R, 128, 1615886854 , 90102, 4 
S, 128, 1615886854, 777949, 10
R, 129, 1615886854 , 797978, 4 
S, 129, 1615886855, 528357, 10
R, 130, 1615886855 , 549598, 4 
S, 130, 1615886856, 278725, 9
S, 131, 1615886857, 29099, 9
R, 132, 1615886857 , 48368, 4 
S, 132, 1615886857, 779549, 9
R, 133, 1615886857 , 798567, 4 
S, 133, 1615886858, 529984, 9
R, 134, 1615886858 , 589626, 4 
S, 134, 1615886859, 280355, 9
R, 135, 1615886859 , 299217, 4 
S, 135, 1615886860, 30749, 9
R, 136, 1615886860 , 50773, 4 
S, 136, 1615886860, 781150, 9
S, 137, 1615886861, 531519, 9
R, 138, 1615886861 , 551770, 4 
S, 138, 1615886862, 281893, 9
R, 139, 1615886862 , 302717, 4 
S, 139, 1615886863, 32335, 9
R, 140, 1615886863 , 93142, 4 
S, 140, 1615886863, 782713, 9
R, 141, 1615886863 , 802100, 4 
S, 141, 1615886864, 533120, 9
R, 142, 1615886864 , 554273, 4 
S, 142, 1615886865, 283484, 9
S, 143, 1615886866, 33911, 9
R, 144, 1615886866 , 52242, 4 
S, 144, 1615886866, 784321, 9
S, 145, 1615886867, 534740, 9
R, 146, 1615886867 , 593914, 4 
S, 146, 1615886868, 285187, 9
R, 147, 1615886868 , 304227, 4 
S, 147, 1615886869, 35604, 9
S, 148, 1615886869, 785972, 9
R, 149, 1615886869 , 844800, 4 
S, 149, 1615886870, 536360, 9
R, 150, 1615886870 , 556307, 4 
S, 150, 1615886871, 286766, 9
R, 151, 1615886871 , 306563, 4 
S, 151, 1615886872, 37135, 9
R, 152, 1615886872 , 96842, 4 
S, 152, 1615886872, 787569, 9
R, 153, 1615886872 , 807076, 4 
S, 153, 1615886873, 538026, 9
R, 154, 1615886873 , 558078, 4 
S, 154, 1615886874, 288398, 9
R, 155, 1615886874 , 349658, 4 
S, 155, 1615886875, 38776, 9
S, 156, 1615886875, 789180, 9
R, 157, 1615886875 , 808723, 4 
S, 157, 1615886876, 539546, 9
S, 158, 1615886877, 289918, 9
R, 159, 1615886877 , 310447, 4 
S, 159, 1615886878, 40389, 9
R, 160, 1615886878 , 60169, 4 
S, 160, 1615886878, 790791, 9
R, 161, 1615886878 , 856884, 4 
S, 161, 1615886879, 541173, 9
R, 162, 1615886879 , 560096, 4 
S, 162, 1615886880, 291602, 9
S, 163, 1615886881, 41983, 9
R, 164, 1615886881 , 101844, 4 
S, 164, 1615886881, 792490, 9
R, 165, 1615886881 , 817972, 4 
S, 165, 1615886882, 542903, 9
R, 166, 1615886882 , 562434, 4 
S, 166, 1615886883, 293328, 9
R, 167, 1615886883 , 353475, 4 
S, 167, 1615886884, 43775, 9
R, 168, 1615886884 , 63067, 4 
S, 168, 1615886884, 794207, 9
R, 169, 1615886884 , 813295, 4 
S, 169, 1615886885, 544579, 9
R, 170, 1615886885 , 608268, 4 
S, 170, 1615886886, 294957, 9
R, 171, 1615886886 , 314645, 4 
S, 171, 1615886887, 45361, 9
R, 172, 1615886887 , 63767, 4 
S, 172, 1615886887, 795810, 9
R, 173, 1615886887 , 857171, 4 
S, 173, 1615886888, 546230, 9
R, 174, 1615886888 , 565561, 4 
S, 174, 1615886889, 296652, 9
R, 175, 1615886889 , 315847, 4 
S, 175, 1615886890, 47036, 9
R, 176, 1615886890 , 104846, 4 
S, 176, 1615886890, 797441, 9
R, 177, 1615886890 , 817050, 4 
S, 177, 1615886891, 547861, 9
R, 178, 1615886891 , 567358, 4 
S, 178, 1615886892, 298224, 9
R, 179, 1615886892 , 360883, 4 
S, 179, 1615886893, 48669, 9
R, 180, 1615886893 , 67980, 4 
S, 180, 1615886893, 799082, 9
R, 181, 1615886893 , 819571, 4 
S, 181, 1615886894, 549464, 9
R, 182, 1615886894 , 609134, 4 
S, 182, 1615886895, 299827, 9
R, 183, 1615886895 , 318750, 4 
S, 183, 1615886896, 50232, 9
S, 184, 1615886896, 800622, 9
R, 185, 1615886896 , 865630, 4 
S, 185, 1615886897, 550997, 9
R, 186, 1615886897 , 571966, 4 
S, 186, 1615886898, 301488, 9
S, 187, 1615886899, 51871, 9
R, 188, 1615886899 , 117658, 4 
S, 188, 1615886899, 802242, 9
R, 189, 1615886899 , 822135, 4 
S, 189, 1615886900, 552642, 9
R, 190, 1615886900 , 572558, 4 
S, 190, 1615886901, 303010, 9
R, 191, 1615886901 , 364817, 4 
S, 191, 1615886902, 53412, 9
R, 192, 1615886902 , 74442, 4 
S, 192, 1615886902, 803940, 9
R, 193, 1615886902 , 824665, 4 
S, 193, 1615886903, 554375, 9
R, 194, 1615886903 , 616963, 4 
S, 194, 1615886904, 304744, 9
R, 195, 1615886904 , 325289, 4 
S, 195, 1615886905, 55147, 9
R, 196, 1615886905 , 77499, 4 
S, 196, 1615886905, 805506, 9
R, 197, 1615886905 , 865153, 4 
S, 197, 1615886906, 555882, 9
R, 198, 1615886906 , 575427, 4 
S, 198, 1615886907, 306276, 9
R, 199, 1615886907 , 329567, 4 
S, 199, 1615886908, 56713, 9
R, 200, 1615886908 , 117355, 4 
S, 200, 1615886908, 807120, 9
R, 201, 1615886908 , 828918, 4 
S, 201, 1615886909, 557537, 9
R, 202, 1615886909 , 577846, 4 
S, 202, 1615886910, 307903, 9
R, 203, 1615886910 , 369418, 4 
S, 203, 1615886911, 58280, 9
R, 204, 1615886911 , 78367, 4 
S, 204, 1615886911, 808681, 9
R, 205, 1615886911 , 829259, 4 
S, 205, 1615886912, 559056, 9
R, 206, 1615886912 , 621473, 4 
S, 206, 1615886913, 309494, 9
R, 207, 1615886913 , 329227, 4 
S, 207, 1615886914, 59942, 9
R, 208, 1615886914 , 80139, 4 
S, 208, 1615886914, 810337, 9
R, 209, 1615886914 , 873703, 4 
S, 209, 1615886915, 560705, 9
R, 210, 1615886915 , 580218, 4 
S, 210, 1615886916, 311106, 9
R, 211, 1615886916 , 331780, 4 
S, 211, 1615886917, 61475, 9
R, 212, 1615886917 , 125933, 4 
S, 212, 1615886917, 811898, 9
R, 213, 1615886917 , 831042, 4 
S, 213, 1615886918, 562365, 9
R, 214, 1615886918 , 581409, 4 
S, 214, 1615886919, 312749, 9
R, 215, 1615886919 , 372971, 4 
S, 215, 1615886920, 63143, 9
R, 216, 1615886920 , 83207, 4 
S, 216, 1615886920, 813542, 9
R, 217, 1615886920 , 838628, 4 
S, 217, 1615886921, 563967, 9
R, 218, 1615886921 , 626211, 4 
S, 218, 1615886922, 314331, 9
R, 219, 1615886922 , 333219, 4 
S, 219, 1615886923, 64810, 9
R, 220, 1615886923 , 84860, 4 
S, 220, 1615886923, 815183, 9
R, 221, 1615886923 , 877686, 4 
S, 221, 1615886924, 565550, 9
R, 222, 1615886924 , 585284, 4 
S, 222, 1615886925, 315963, 9
R, 223, 1615886925 , 334899, 4 
S, 223, 1615886926, 66366, 9
R, 224, 1615886926 , 129659, 4 
S, 224, 1615886926, 816737, 9
R, 225, 1615886926 , 835403, 4 
S, 225, 1615886927, 567142, 9
R, 226, 1615886927 , 586331, 4 
S, 226, 1615886928, 317582, 9
R, 227, 1615886928 , 377987, 4 
S, 227, 1615886929, 67969, 9
R, 228, 1615886929 , 88198, 4 
S, 228, 1615886929, 818371, 9
R, 229, 1615886929 , 838492, 4 
S, 229, 1615886930, 568736, 9
R, 230, 1615886930 , 628945, 4 
S, 230, 1615886931, 319107, 9
R, 231, 1615886931 , 339179, 4 
S, 231, 1615886932, 69551, 9
R, 232, 1615886932 , 94584, 4 
S, 232, 1615886932, 819974, 9
R, 233, 1615886932 , 881593, 4 
S, 233, 1615886933, 570397, 9
R, 234, 1615886933 , 589987, 4 
S, 234, 1615886934, 320818, 9
S, 235, 1615886935, 71185, 9
R, 236, 1615886935 , 133643, 4 
S, 236, 1615886935, 821563, 9
R, 237, 1615886935 , 842551, 4 
S, 237, 1615886936, 571961, 9
R, 238, 1615886936 , 592145, 4 
S, 238, 1615886937, 322326, 9
R, 239, 1615886937 , 381162, 4 
S, 239, 1615886938, 72770, 9
R, 240, 1615886938 , 92786, 4 
S, 240, 1615886938, 823182, 9
R, 241, 1615886938 , 845577, 4 
S, 241, 1615886939, 573595, 9
R, 242, 1615886939 , 637091, 4 
S, 242, 1615886940, 323965, 9
R, 243, 1615886940 , 342819, 4 
S, 243, 1615886941, 74374, 9
R, 244, 1615886941 , 93105, 4 
S, 244, 1615886941, 824843, 9
R, 245, 1615886941 , 889772, 4 
S, 245, 1615886942, 575238, 9
R, 246, 1615886942 , 594262, 4 
S, 246, 1615886943, 325716, 9
R, 247, 1615886943 , 348481, 4 
S, 247, 1615886944, 76127, 9
R, 248, 1615886944 , 137458, 4 
S, 248, 1615886944, 826524, 9
R, 249, 1615886944 , 846423, 4 
S, 249, 1615886945, 576924, 9
R, 250, 1615886945 , 594916, 4 
S, 250, 1615886946, 327293, 8
R, 251, 1615886946 , 385978, 4 
S, 251, 1615886947, 77677, 8
R, 252, 1615886947 , 97513, 4 
S, 252, 1615886947, 828139, 8
R, 253, 1615886947 , 847717, 4 
S, 253, 1615886948, 578569, 8
R, 254, 1615886948 , 638019, 4 
S, 254, 1615886949, 328945, 8
R, 255, 1615886949 , 348821, 4 
S, 255, 1615886950, 79380, 8
R, 256, 1615886950 , 100276, 4 
S, 256, 1615886950, 829757, 8
R, 257, 1615886950 , 893781, 4 
S, 257, 1615886951, 580122, 8
R, 258, 1615886951 , 600021, 4 
S, 258, 1615886952, 330530, 8
R, 259, 1615886952 , 350900, 4 
S, 259, 1615886953, 80966, 8
R, 260, 1615886953 , 141255, 4 
S, 260, 1615886953, 831349, 8
R, 261, 1615886953 , 851474, 4 
S, 261, 1615886954, 581764, 8
R, 262, 1615886954 , 601659, 4 
S, 262, 1615886955, 332129, 7
R, 263, 1615886955 , 398251, 4 
S, 263, 1615886956, 82523, 6
R, 264, 1615886956 , 101260, 4 
S, 264, 1615886956, 832939, 6
R, 265, 1615886956 , 851404, 4 
S, 265, 1615886957, 583308, 7
R, 266, 1615886957 , 640434, 4 
S, 266, 1615886958, 333782, 7
R, 267, 1615886958 , 352072, 4 
S, 267, 1615886959, 84212, 7
R, 268, 1615886959 , 102899, 4 
S, 268, 1615886959, 834577, 7
R, 269, 1615886959 , 893809, 4 
S, 269, 1615886960, 584939, 7
R, 270, 1615886960 , 604099, 4 
S, 270, 1615886961, 335340, 7
R, 271, 1615886961 , 355586, 4 
S, 271, 1615886962, 85745, 7
R, 272, 1615886962 , 145186, 4 
S, 272, 1615886962, 836167, 7
R, 273, 1615886962 , 856044, 4 
S, 273, 1615886963, 586632, 7
R, 274, 1615886963 , 605665, 4 
S, 274, 1615886964, 337012, 7
R, 275, 1615886964 , 397805, 4 
S, 275, 1615886965, 87379, 7
R, 276, 1615886965 , 106658, 4 
S, 276, 1615886965, 837773, 7
R, 277, 1615886965 , 857513, 4 
S, 277, 1615886966, 588147, 8
R, 278, 1615886966 , 654259, 4 
S, 278, 1615886967, 338526, 8
R, 279, 1615886967 , 359295, 4 
S, 279, 1615886968, 89005, 8
R, 280, 1615886968 , 114050, 4 
S, 280, 1615886968, 839426, 8
R, 281, 1615886968 , 906264, 4 
S, 281, 1615886969, 589813, 8
R, 282, 1615886969 , 610584, 4 
S, 282, 1615886970, 340205, 8
S, 283, 1615886971, 90585, 8
S, 284, 1615886971, 840966, 8
R, 285, 1615886971 , 861028, 4 
S, 285, 1615886972, 591343, 8
R, 286, 1615886972 , 610563, 4 
S, 286, 1615886973, 341740, 8
R, 287, 1615886973 , 401590, 4 
S, 287, 1615886974, 92145, 8
R, 288, 1615886974 , 112392, 4 
S, 288, 1615886974, 842596, 8
R, 289, 1615886974 , 862647, 4 
S, 289, 1615886975, 592973, 8
R, 290, 1615886975 , 653781, 4 
S, 290, 1615886976, 343332, 8
R, 291, 1615886976 , 363228, 4 
S, 291, 1615886977, 93808, 8
R, 292, 1615886977 , 114067, 4 
S, 292, 1615886977, 844223, 8
R, 293, 1615886977 , 906220, 4 
S, 293, 1615886978, 594636, 8
R, 294, 1615886978 , 614062, 4 
S, 294, 1615886979, 345062, 8
R, 295, 1615886979 , 364909, 4 
S, 295, 1615886980, 95467, 8
R, 296, 1615886980 , 153823, 4 
S, 296, 1615886980, 845840, 8
R, 297, 1615886980 , 865235, 4 
S, 297, 1615886981, 596242, 8
R, 298, 1615886981 , 616045, 4 
S, 298, 1615886982, 346617, 8
R, 299, 1615886982 , 405667, 4 
S, 299, 1615886983, 97049, 8
R, 300, 1615886983 , 116485, 4 
S, 300, 1615886983, 847472, 8
R, 301, 1615886983 , 867663, 4 
S, 301, 1615886984, 597854, 8
R, 302, 1615886984 , 662531, 4 
S, 302, 1615886985, 348225, 8
R, 303, 1615886985 , 368221, 4 
S, 303, 1615886986, 98664, 8
R, 304, 1615886986 , 117790, 4 
S, 304, 1615886986, 849036, 8
R, 305, 1615886986 , 910542, 4 
S, 305, 1615886987, 599408, 8
R, 306, 1615886987 , 620112, 4 
S, 306, 1615886988, 349874, 8
R, 307, 1615886988 , 369156, 4 
S, 307, 1615886989, 100249, 8
R, 308, 1615886989 , 161983, 4 
S, 308, 1615886989, 850619, 8
S, 309, 1615886990, 601021, 8
R, 310, 1615886990 , 620496, 4 
S, 310, 1615886991, 351401, 8
R, 311, 1615886991 , 414630, 4 
S, 311, 1615886992, 101802, 8
R, 312, 1615886992 , 121617, 4 
S, 312, 1615886992, 852263, 8
R, 313, 1615886992 , 876962, 4 
S, 313, 1615886993, 602678, 8
R, 314, 1615886993 , 666030, 4 
S, 314, 1615886994, 353044, 8
R, 315, 1615886994 , 372371, 4 
S, 315, 1615886995, 103454, 8
R, 316, 1615886995 , 123176, 4 
S, 316, 1615886995, 853879, 8
R, 317, 1615886995 , 914136, 4 
S, 317, 1615886996, 604251, 8
R, 318, 1615886996 , 624302, 4 
S, 318, 1615886997, 354638, 8
R, 319, 1615886997 , 373917, 4 
S, 319, 1615886998, 105060, 8
R, 320, 1615886998 , 165929, 4 
S, 320, 1615886998, 855449, 8
R, 321, 1615886998 , 876195, 4 
S, 321, 1615886999, 605859, 8
R, 322, 1615886999 , 625750, 4 
S, 322, 1615887000, 356219, 8
S, 323, 1615887001, 106588, 8
R, 324, 1615887001 , 126804, 4 
S, 324, 1615887001, 857088, 8
R, 325, 1615887001 , 878268, 4 
S, 325, 1615887002, 607480, 8
R, 326, 1615887002 , 670416, 4 
S, 326, 1615887003, 357913, 8
R, 327, 1615887003 , 378810, 4 
S, 327, 1615887004, 108370, 8
R, 328, 1615887004 , 128990, 4 
S, 328, 1615887004, 858746, 8
S, 329, 1615887005, 609098, 8
R, 330, 1615887005 , 629463, 4 
S, 330, 1615887006, 359477, 8
R, 331, 1615887006 , 379040, 4 
S, 331, 1615887007, 109852, 8
R, 332, 1615887007 , 169964, 4 
S, 332, 1615887007, 860267, 8
R, 333, 1615887007 , 880757, 4 
S, 333, 1615887008, 610720, 8
R, 334, 1615887008 , 631052, 4 
S, 334, 1615887009, 361097, 8
R, 335, 1615887009 , 425789, 4 
S, 335, 1615887010, 111507, 8
S, 336, 1615887010, 861919, 8
R, 337, 1615887010 , 882824, 4 
S, 337, 1615887011, 612316, 8
R, 338, 1615887011 , 674388, 4 
S, 338, 1615887012, 362686, 8
R, 339, 1615887012 , 384523, 4 
S, 339, 1615887013, 113151, 8
R, 340, 1615887013 , 133422, 4 
S, 340, 1615887013, 863569, 8
R, 341, 1615887013 , 926326, 4 
S, 341, 1615887014, 613995, 8
R, 342, 1615887014 , 633974, 4 
S, 342, 1615887015, 364403, 8
R, 343, 1615887015 , 384220, 4 
S, 343, 1615887016, 114764, 8
R, 344, 1615887016 , 173732, 4 
S, 344, 1615887016, 865137, 8
R, 345, 1615887016 , 885195, 4 
S, 345, 1615887017, 615542, 8
R, 346, 1615887017 , 637921, 4 
S, 346, 1615887018, 365980, 8
R, 347, 1615887018 , 425661, 4 
S, 347, 1615887019, 116371, 8
R, 348, 1615887019 , 135799, 4 
S, 348, 1615887019, 866788, 8
R, 349, 1615887019 , 886662, 4 
S, 349, 1615887020, 617151, 8
R, 350, 1615887020 , 677711, 4 
S, 350, 1615887021, 367548, 8
R, 351, 1615887021 , 388552, 4 
S, 351, 1615887022, 117959, 8
R, 352, 1615887022 , 139375, 4 
S, 352, 1615887022, 868372, 8
R, 353, 1615887022 , 930254, 4 
S, 353, 1615887023, 618786, 8
R, 354, 1615887023 , 638667, 4 
S, 354, 1615887024, 369199, 8
R, 355, 1615887024 , 390168, 4 
S, 355, 1615887025, 119575, 8
R, 356, 1615887025 , 178469, 4 
S, 356, 1615887025, 869942, 8
R, 357, 1615887025 , 890616, 4 
S, 357, 1615887026, 620398, 8
R, 358, 1615887026 , 641502, 4 
S, 358, 1615887027, 370768, 8
R, 359, 1615887027 , 430439, 4 
S, 359, 1615887028, 121189, 8
R, 360, 1615887028 , 141857, 4 
S, 360, 1615887028, 871608, 8
R, 361, 1615887028 , 892239, 4 
S, 361, 1615887029, 621984, 8
R, 362, 1615887029 , 681808, 4 
S, 362, 1615887030, 372357, 8
R, 363, 1615887030 , 393319, 4 
S, 363, 1615887031, 122771, 8
R, 364, 1615887031 , 143531, 4 
S, 364, 1615887031, 873144, 8
R, 365, 1615887031 , 934423, 4 
S, 365, 1615887032, 623536, 8
R, 366, 1615887032 , 645252, 4 
S, 366, 1615887033, 374062, 8
R, 367, 1615887033 , 394907, 4 
S, 367, 1615887034, 124448, 8
R, 368, 1615887034 , 187074, 4 
S, 368, 1615887034, 874822, 8
R, 369, 1615887034 , 895963, 4 
S, 369, 1615887035, 625235, 8
R, 370, 1615887035 , 646404, 4 
S, 370, 1615887036, 375591, 8
R, 371, 1615887036 , 443078, 4 
S, 371, 1615887037, 125959, 8
R, 372, 1615887037 , 147715, 4 
S, 372, 1615887037, 876372, 8
R, 373, 1615887037 , 897712, 4 
S, 373, 1615887038, 626815, 8
R, 374, 1615887038 , 691244, 4 
S, 374, 1615887039, 377179, 8
R, 375, 1615887039 , 396907, 4 
S, 375, 1615887040, 127588, 8
R, 376, 1615887040 , 147120, 4 
S, 376, 1615887040, 877946, 8
R, 377, 1615887040 , 937981, 4 
S, 377, 1615887041, 628317, 8
R, 378, 1615887041 , 648808, 4 
S, 378, 1615887042, 378715, 8
R, 379, 1615887042 , 399061, 4 
S, 379, 1615887043, 129129, 8
R, 380, 1615887043 , 189941, 4 
S, 380, 1615887043, 879542, 8
R, 381, 1615887043 , 900256, 4 
S, 381, 1615887044, 629980, 8
R, 382, 1615887044 , 649154, 4 
S, 382, 1615887045, 380389, 8
R, 383, 1615887045 , 442575, 4 
S, 383, 1615887046, 130761, 8
R, 384, 1615887046 , 154698, 4 
S, 384, 1615887046, 881168, 8
S, 385, 1615887047, 631530, 8
R, 386, 1615887047 , 694424, 4 
S, 386, 1615887048, 381996, 8
R, 387, 1615887048 , 404142, 4 
S, 387, 1615887049, 132402, 8
R, 388, 1615887049 , 152937, 4 
S, 388, 1615887049, 882773, 8
R, 389, 1615887049 , 946394, 4 
S, 389, 1615887050, 633178, 8
R, 390, 1615887050 , 652867, 4 
S, 390, 1615887051, 383620, 8
R, 391, 1615887051 , 403816, 4 
S, 391, 1615887052, 133993, 8
R, 392, 1615887052 , 194385, 4 
S, 392, 1615887052, 884363, 8
R, 393, 1615887052 , 908008, 4 
S, 393, 1615887053, 634831, 8
R, 394, 1615887053 , 655745, 4 
S, 394, 1615887054, 385209, 8
R, 395, 1615887054 , 446602, 4 
S, 395, 1615887055, 135610, 8
R, 396, 1615887055 , 155544, 4 
S, 396, 1615887055, 886020, 9
R, 397, 1615887055 , 906239, 4 
S, 397, 1615887056, 636422, 9
R, 398, 1615887056 , 698387, 4 
S, 398, 1615887057, 386778, 9
R, 399, 1615887057 , 406713, 4 
S, 399, 1615887058, 137231, 9
R, 400, 1615887058 , 157622, 4 
S, 400, 1615887058, 887655, 9
R, 401, 1615887058 , 946016, 4 
S, 401, 1615887059, 638019, 9
R, 402, 1615887059 , 657592, 4 
S, 402, 1615887060, 388452, 9
R, 403, 1615887060 , 408494, 4 
S, 403, 1615887061, 138818, 9
R, 404, 1615887061 , 197605, 4 
S, 404, 1615887061, 889295, 9
R, 405, 1615887061 , 909780, 4 
S, 405, 1615887062, 639702, 9
R, 406, 1615887062 , 660675, 4 
S, 406, 1615887063, 390139, 9
R, 407, 1615887063 , 450287, 4 
S, 407, 1615887064, 140520, 9
R, 408, 1615887064 , 160523, 4 
S, 408, 1615887064, 890929, 9
R, 409, 1615887064 , 912717, 4 
S, 409, 1615887065, 641291, 9
R, 410, 1615887065 , 701836, 4 
S, 410, 1615887066, 391653, 9
R, 411, 1615887066 , 411440, 4 
S, 411, 1615887067, 142063, 9
R, 412, 1615887067 , 163039, 4 
S, 412, 1615887067, 892430, 9
R, 413, 1615887067 , 954804, 4 
S, 413, 1615887068, 642870, 9
R, 414, 1615887068 , 663082, 4 
S, 414, 1615887069, 393291, 9
R, 415, 1615887069 , 416497, 4 
S, 415, 1615887070, 143728, 9
R, 416, 1615887070 , 206118, 4 
S, 416, 1615887070, 894108, 9
R, 417, 1615887070 , 915061, 4 
S, 417, 1615887071, 644513, 9
R, 418, 1615887071 , 665257, 4 
S, 418, 1615887072, 394881, 9
R, 419, 1615887072 , 458101, 4 
S, 419, 1615887073, 145295, 9
R, 420, 1615887073 , 165165, 4 
S, 420, 1615887073, 895758, 9
R, 421, 1615887073 , 916814, 4 
S, 421, 1615887074, 646158, 9
R, 422, 1615887074 , 707021, 4 
S, 422, 1615887075, 396533, 9
R, 423, 1615887075 , 415921, 4 
S, 423, 1615887076, 146926, 9
R, 424, 1615887076 , 168763, 4 
S, 424, 1615887076, 897296, 9
R, 425, 1615887076 , 958359, 4 
S, 425, 1615887077, 647669, 9
R, 426, 1615887077 , 668002, 4 
S, 426, 1615887078, 398084, 9
S, 427, 1615887079, 148474, 9
R, 428, 1615887079 , 210494, 4 
S, 428, 1615887079, 898850, 9
R, 429, 1615887079 , 918757, 4 
S, 429, 1615887080, 649301, 9
R, 430, 1615887080 , 670481, 4 
S, 430, 1615887081, 399670, 9
R, 431, 1615887081 , 458133, 4 
S, 431, 1615887082, 150035, 9
R, 432, 1615887082 , 174293, 4 
S, 432, 1615887082, 900448, 9
R, 433, 1615887082 , 920574, 4 
S, 433, 1615887083, 650888, 9
R, 434, 1615887083 , 710289, 4 
S, 434, 1615887084, 401250, 9
R, 435, 1615887084 , 421153, 4 
S, 435, 1615887085, 151661, 9
R, 436, 1615887085 , 172775, 4 
S, 436, 1615887085, 902081, 9
R, 437, 1615887085 , 962362, 4 
S, 437, 1615887086, 652464, 9
R, 438, 1615887086 , 677795, 4 
S, 438, 1615887087, 402866, 9
R, 439, 1615887087 , 424338, 4 
S, 439, 1615887088, 153280, 9
R, 440, 1615887088 , 214030, 4 
S, 440, 1615887088, 903768, 9
R, 441, 1615887088 , 926129, 4 
S, 441, 1615887089, 654181, 9
R, 442, 1615887089 , 675117, 4 
S, 442, 1615887090, 404583, 9
R, 443, 1615887090 , 467298, 4 
S, 443, 1615887091, 154954, 9
R, 444, 1615887091 , 175601, 4 
S, 444, 1615887091, 905394, 9
R, 445, 1615887091 , 925841, 4 
S, 445, 1615887092, 655774, 9
R, 446, 1615887092 , 718092, 4 
S, 446, 1615887093, 406208, 9
R, 447, 1615887093 , 427682, 4 
S, 447, 1615887094, 156631, 9
R, 448, 1615887094 , 176769, 4 
S, 448, 1615887094, 906999, 9
R, 449, 1615887094 , 970239, 4 
S, 449, 1615887095, 657366, 9
R, 450, 1615887095 , 677446, 4 
S, 450, 1615887096, 407771, 9
R, 451, 1615887096 , 427733, 4 
S, 451, 1615887097, 158131, 9
R, 452, 1615887097 , 218661, 4 
S, 452, 1615887097, 908527, 9
R, 453, 1615887097 , 927634, 4 
S, 453, 1615887098, 659016, 9
R, 454, 1615887098 , 678705, 4 
S, 454, 1615887099, 409387, 9
R, 455, 1615887099 , 470204, 4 
S, 455, 1615887100, 159757, 9
R, 456, 1615887100 , 179793, 4 
S, 456, 1615887100, 910159, 9
R, 457, 1615887100 , 930030, 4 
S, 457, 1615887101, 660536, 9
R, 458, 1615887101 , 721588, 4 
S, 458, 1615887102, 410907, 9
R, 459, 1615887102 , 431214, 4 
S, 459, 1615887103, 161362, 9
R, 460, 1615887103 , 181490, 4 
S, 460, 1615887103, 911792, 9
R, 461, 1615887103 , 973800, 4 
S, 461, 1615887104, 662169, 9
R, 462, 1615887104 , 683347, 4 
S, 462, 1615887105, 412556, 9
R, 463, 1615887105 , 432967, 4 
S, 463, 1615887106, 162933, 9
R, 464, 1615887106 , 222563, 4 
S, 464, 1615887106, 913295, 9
R, 465, 1615887106 , 934765, 4 
S, 465, 1615887107, 663756, 9
R, 466, 1615887107 , 685000, 4 
S, 466, 1615887108, 414190, 9
R, 467, 1615887108 , 474150, 4 
S, 467, 1615887109, 164574, 9
R, 468, 1615887109 , 185602, 4 
S, 468, 1615887109, 915002, 9
R, 469, 1615887109 , 935218, 4 
S, 469, 1615887110, 665380, 9
R, 470, 1615887110 , 731393, 4 
S, 470, 1615887111, 415747, 9
R, 471, 1615887111 , 437121, 4 
S, 471, 1615887112, 166153, 9
R, 472, 1615887112 , 186734, 4 
S, 472, 1615887112, 916531, 9
R, 473, 1615887112 , 978965, 4 
S, 473, 1615887113, 666964, 9
R, 474, 1615887113 , 687411, 4 
S, 474, 1615887114, 417380, 9
R, 475, 1615887114 , 438892, 4 
S, 475, 1615887115, 167760, 9
R, 476, 1615887115 , 231071, 4 
S, 476, 1615887115, 918165, 9
R, 477, 1615887115 , 939387, 4 
S, 477, 1615887116, 668590, 9
R, 478, 1615887116 , 689584, 4 
S, 478, 1615887117, 418957, 9
R, 479, 1615887117 , 478588, 4 
S, 479, 1615887118, 169372, 9
R, 480, 1615887118 , 190112, 4 
S, 480, 1615887118, 919831, 9
R, 481, 1615887118 , 940480, 4 
S, 481, 1615887119, 670211, 9
R, 482, 1615887119 , 730749, 4 
S, 482, 1615887120, 420563, 9
R, 483, 1615887120 , 439702, 4 
S, 483, 1615887121, 170979, 9
R, 484, 1615887121 , 191330, 4 
S, 484, 1615887121, 921449, 9
R, 485, 1615887121 , 986748, 4 
S, 485, 1615887122, 671863, 9
R, 486, 1615887122 , 691825, 4 
S, 486, 1615887123, 422342, 9
R, 487, 1615887123 , 442084, 4 
S, 487, 1615887124, 172716, 9
R, 488, 1615887124 , 234426, 4 
S, 488, 1615887124, 923092, 9
R, 489, 1615887124 , 943373, 4 
S, 489, 1615887125, 673501, 9
R, 490, 1615887125 , 693906, 4 
S, 490, 1615887126, 423910, 9
R, 491, 1615887126 , 486043, 4 
S, 491, 1615887127, 174283, 9
R, 492, 1615887127 , 193740, 4 
S, 492, 1615887127, 924729, 9
R, 493, 1615887127 , 944578, 4 
S, 493, 1615887128, 675164, 9
R, 494, 1615887128 , 734336, 4 
S, 494, 1615887129, 425535, 9
R, 495, 1615887129 , 446463, 4 
S, 495, 1615887130, 175941, 9
R, 496, 1615887130 , 195445, 4 
S, 496, 1615887130, 926311, 9
R, 497, 1615887130 , 990839, 4 
S, 497, 1615887131, 676686, 9
R, 498, 1615887131 , 698442, 4 
S, 498, 1615887132, 427083, 9
R, 499, 1615887132 , 447435, 4 
S, 499, 1615887133, 177489, 9
R, 500, 1615887133 , 238955, 4 
