Type, Id paq, time stamp segundos, micro, long paq 
S, 0, 1615891666, 574276, 9
R, 0, 1615891666 , 597291, 4 
D, 0, 1615891666, 597744, 9 
S, 1, 1615891667, 424918, 9
R, 1, 1615891667 , 493344, 4 
D, 1, 1615891667, 493693, 9 
S, 2, 1615891668, 275480, 9
R, 2, 1615891668 , 343324, 4 
D, 2, 1615891668, 343662, 9 
S, 3, 1615891669, 126048, 9
R, 3, 1615891669 , 193366, 4 
D, 3, 1615891669, 193697, 9 
S, 4, 1615891669, 976606, 9
R, 4, 1615891670 , 43328, 4 
D, 4, 1615891670, 43661, 9 
S, 5, 1615891670, 827163, 9
R, 5, 1615891670 , 893330, 4 
D, 5, 1615891670, 893692, 9 
S, 6, 1615891671, 677765, 9
R, 6, 1615891671 , 743347, 4 
D, 6, 1615891671, 743795, 9 
S, 7, 1615891672, 528369, 9
R, 7, 1615891672 , 593339, 4 
D, 7, 1615891672, 593689, 9 
S, 8, 1615891673, 379064, 9
R, 8, 1615891673 , 443334, 4 
D, 8, 1615891673, 443675, 9 
S, 9, 1615891674, 229787, 9
R, 9, 1615891674 , 293387, 4 
D, 9, 1615891674, 293756, 9 
S, 10, 1615891675, 80485, 9
R, 10, 1615891675 , 143318, 4 
D, 10, 1615891675, 143662, 9 
S, 11, 1615891675, 931190, 9
R, 11, 1615891676 , 3381, 4 
D, 11, 1615891676, 3753, 9 
S, 12, 1615891676, 781953, 9
R, 12, 1615891676 , 853325, 4 
D, 12, 1615891676, 853676, 9 
S, 13, 1615891677, 632699, 9
R, 13, 1615891677 , 703307, 4 
D, 13, 1615891677, 703646, 9 
S, 14, 1615891678, 483450, 9
R, 14, 1615891678 , 553338, 4 
D, 14, 1615891678, 553677, 9 
S, 15, 1615891679, 334168, 9
R, 15, 1615891679 , 403320, 4 
D, 15, 1615891679, 403667, 9 
S, 16, 1615891680, 184860, 9
R, 16, 1615891680 , 253466, 4 
D, 16, 1615891680, 253832, 9 
S, 17, 1615891681, 35549, 9
R, 17, 1615891681 , 103371, 4 
D, 17, 1615891681, 103746, 9 
S, 18, 1615891681, 886230, 9
R, 18, 1615891681 , 953345, 4 
D, 18, 1615891681, 953710, 9 
S, 19, 1615891682, 736825, 9
R, 19, 1615891682 , 803329, 4 
D, 19, 1615891682, 803673, 9 
S, 20, 1615891683, 587386, 9
R, 20, 1615891683 , 653337, 4 
D, 20, 1615891683, 653674, 9 
S, 21, 1615891684, 437958, 9
R, 21, 1615891684 , 503339, 4 
D, 21, 1615891684, 503697, 9 
S, 22, 1615891685, 288519, 9
R, 22, 1615891685 , 353351, 4 
D, 22, 1615891685, 353700, 9 
S, 23, 1615891686, 139180, 9
R, 23, 1615891686 , 203336, 4 
D, 23, 1615891686, 203707, 9 
S, 24, 1615891686, 989808, 9
R, 24, 1615891687 , 53333, 4 
D, 24, 1615891687, 53694, 9 
S, 25, 1615891687, 840401, 9
R, 25, 1615891687 , 903335, 4 
D, 25, 1615891687, 903680, 9 
S, 26, 1615891688, 690966, 9
R, 26, 1615891688 , 753343, 4 
D, 26, 1615891688, 753691, 9 
S, 27, 1615891689, 541564, 9
R, 27, 1615891689 , 603308, 4 
D, 27, 1615891689, 603654, 9 
S, 28, 1615891690, 392113, 9
R, 28, 1615891690 , 453321, 4 
D, 28, 1615891690, 453681, 9 
S, 29, 1615891691, 242742, 9
R, 29, 1615891691 , 303332, 4 
D, 29, 1615891691, 303704, 9 
S, 30, 1615891692, 93405, 9
R, 30, 1615891692 , 163346, 4 
D, 30, 1615891692, 163706, 9 
S, 31, 1615891692, 943998, 9
R, 31, 1615891693 , 13326, 4 
D, 31, 1615891693, 13669, 9 
S, 32, 1615891693, 794574, 9
R, 32, 1615891693 , 863332, 4 
D, 32, 1615891693, 863684, 9 
S, 33, 1615891694, 645141, 9
R, 33, 1615891694 , 713335, 4 
D, 33, 1615891694, 713689, 9 
S, 34, 1615891695, 495763, 9
R, 34, 1615891695 , 563341, 4 
D, 34, 1615891695, 563700, 9 
S, 35, 1615891696, 346395, 9
R, 35, 1615891696 , 413352, 4 
D, 35, 1615891696, 413718, 9 
S, 36, 1615891697, 197017, 9
R, 36, 1615891697 , 263343, 4 
D, 36, 1615891697, 263714, 9 
S, 37, 1615891698, 47610, 9
R, 37, 1615891698 , 113324, 4 
D, 37, 1615891698, 113665, 9 
S, 38, 1615891698, 898172, 9
R, 38, 1615891698 , 963342, 4 
D, 38, 1615891698, 963682, 9 
S, 39, 1615891699, 748738, 9
R, 39, 1615891699 , 813326, 4 
D, 39, 1615891699, 813700, 9 
S, 40, 1615891700, 599345, 9
R, 40, 1615891700 , 663348, 4 
D, 40, 1615891700, 663711, 9 
S, 41, 1615891701, 449973, 9
R, 41, 1615891701 , 513336, 4 
D, 41, 1615891701, 513696, 9 
S, 42, 1615891702, 300597, 9
R, 42, 1615891702 , 363323, 4 
D, 42, 1615891702, 363676, 9 
S, 43, 1615891703, 151160, 9
R, 43, 1615891703 , 213337, 4 
D, 43, 1615891703, 213698, 9 
S, 44, 1615891704, 1735, 9
R, 44, 1615891704 , 63320, 4 
D, 44, 1615891704, 63667, 9 
S, 45, 1615891704, 852300, 9
R, 45, 1615891704 , 913309, 4 
D, 45, 1615891704, 913758, 9 
S, 46, 1615891705, 702880, 9
R, 46, 1615891705 , 773335, 4 
D, 46, 1615891705, 773691, 9 
S, 47, 1615891706, 553518, 9
R, 47, 1615891706 , 623418, 4 
D, 47, 1615891706, 623783, 9 
S, 48, 1615891707, 404089, 9
R, 48, 1615891707 , 473332, 4 
D, 48, 1615891707, 473689, 9 
S, 49, 1615891708, 254661, 9
R, 49, 1615891708 , 323349, 4 
D, 49, 1615891708, 323702, 9 
S, 50, 1615891709, 105242, 9
R, 50, 1615891709 , 173313, 4 
D, 50, 1615891709, 173661, 9 
S, 51, 1615891709, 955823, 9
R, 51, 1615891710 , 23349, 4 
D, 51, 1615891710, 23696, 9 
S, 52, 1615891710, 806388, 9
R, 52, 1615891710 , 873346, 4 
D, 52, 1615891710, 873697, 9 
S, 53, 1615891711, 657016, 9
R, 53, 1615891711 , 723337, 4 
D, 53, 1615891711, 723699, 9 
S, 54, 1615891712, 507643, 9
R, 54, 1615891712 , 573340, 4 
D, 54, 1615891712, 573697, 9 
S, 55, 1615891713, 358201, 9
R, 55, 1615891713 , 423331, 4 
D, 55, 1615891713, 423698, 9 
S, 56, 1615891714, 208779, 9
R, 56, 1615891714 , 273335, 4 
D, 56, 1615891714, 273680, 9 
S, 57, 1615891715, 59345, 9
R, 57, 1615891715 , 123330, 4 
D, 57, 1615891715, 123678, 9 
S, 58, 1615891715, 909927, 9
R, 58, 1615891715 , 973332, 4 
D, 58, 1615891715, 973683, 9 
S, 59, 1615891716, 760559, 9
R, 59, 1615891716 , 823341, 4 
D, 59, 1615891716, 823705, 9 
S, 60, 1615891717, 611193, 9
R, 60, 1615891717 , 673316, 4 
D, 60, 1615891717, 673659, 9 
S, 61, 1615891718, 461753, 9
R, 61, 1615891718 , 533314, 4 
D, 61, 1615891718, 533663, 9 
S, 62, 1615891719, 312321, 9
R, 62, 1615891719 , 383339, 4 
D, 62, 1615891719, 383710, 9 
S, 63, 1615891720, 162898, 9
R, 63, 1615891720 , 233312, 4 
D, 63, 1615891720, 233654, 9 
S, 64, 1615891721, 13456, 9
R, 64, 1615891721 , 83456, 4 
D, 64, 1615891721, 83825, 9 
S, 65, 1615891721, 864054, 9
R, 65, 1615891721 , 933343, 4 
D, 65, 1615891721, 933693, 9 
S, 66, 1615891722, 714631, 9
R, 66, 1615891722 , 783323, 4 
D, 66, 1615891722, 783662, 9 
S, 67, 1615891723, 565186, 9
R, 67, 1615891723 , 633333, 4 
D, 67, 1615891723, 633681, 9 
S, 68, 1615891724, 415747, 9
R, 68, 1615891724 , 483340, 4 
D, 68, 1615891724, 483690, 9 
S, 69, 1615891725, 266297, 9
R, 69, 1615891725 , 333354, 4 
D, 69, 1615891725, 333715, 9 
S, 70, 1615891726, 116940, 9
R, 70, 1615891726 , 183356, 4 
D, 70, 1615891726, 183717, 9 
S, 71, 1615891726, 967565, 9
R, 71, 1615891727 , 33335, 4 
D, 71, 1615891727, 33688, 9 
S, 72, 1615891727, 818130, 9
R, 72, 1615891727 , 883319, 4 
D, 72, 1615891727, 883663, 9 
S, 73, 1615891728, 668697, 9
R, 73, 1615891728 , 733325, 4 
D, 73, 1615891728, 733681, 9 
S, 74, 1615891729, 519273, 9
R, 74, 1615891729 , 583335, 4 
D, 74, 1615891729, 583688, 9 
S, 75, 1615891730, 369835, 9
R, 75, 1615891730 , 433337, 4 
D, 75, 1615891730, 433690, 9 
S, 76, 1615891731, 220476, 9
R, 76, 1615891731 , 283338, 4 
D, 76, 1615891731, 283693, 9 
S, 77, 1615891732, 71100, 9
R, 77, 1615891732 , 133327, 4 
D, 77, 1615891732, 133683, 9 
S, 78, 1615891732, 921661, 9
R, 78, 1615891732 , 983329, 4 
D, 78, 1615891732, 983676, 9 
S, 79, 1615891733, 772229, 9
R, 79, 1615891733 , 833321, 4 
D, 79, 1615891733, 833670, 9 
S, 80, 1615891734, 622796, 9
R, 80, 1615891734 , 683330, 4 
D, 80, 1615891734, 683680, 9 
S, 81, 1615891735, 473349, 9
R, 81, 1615891735 , 543350, 4 
D, 81, 1615891735, 543732, 9 
S, 82, 1615891736, 323989, 9
R, 82, 1615891736 , 393342, 4 
D, 82, 1615891736, 393706, 9 
S, 83, 1615891737, 174600, 9
R, 83, 1615891737 , 243341, 4 
D, 83, 1615891737, 243695, 9 
S, 84, 1615891738, 25180, 9
R, 84, 1615891738 , 93319, 4 
D, 84, 1615891738, 93668, 9 
S, 85, 1615891738, 875741, 9
R, 85, 1615891738 , 943346, 4 
D, 85, 1615891738, 943692, 9 
S, 86, 1615891739, 726313, 9
R, 86, 1615891739 , 793327, 4 
D, 86, 1615891739, 793675, 9 
S, 87, 1615891740, 576873, 9
R, 87, 1615891740 , 643372, 4 
D, 87, 1615891740, 643734, 9 
S, 88, 1615891741, 427502, 9
R, 88, 1615891741 , 493344, 4 
D, 88, 1615891741, 493711, 9 
S, 89, 1615891742, 278142, 9
R, 89, 1615891742 , 343320, 4 
D, 89, 1615891742, 343666, 9 
S, 90, 1615891743, 128708, 9
R, 90, 1615891743 , 193335, 4 
D, 90, 1615891743, 193681, 9 
S, 91, 1615891743, 979267, 9
R, 91, 1615891744 , 43317, 4 
D, 91, 1615891744, 43763, 9 
S, 92, 1615891744, 829828, 9
R, 92, 1615891744 , 893322, 4 
D, 92, 1615891744, 893674, 9 
S, 93, 1615891745, 680399, 9
R, 93, 1615891745 , 743338, 4 
D, 93, 1615891745, 743699, 9 
S, 94, 1615891746, 531034, 9
R, 94, 1615891746 , 593380, 4 
D, 94, 1615891746, 593735, 9 
S, 95, 1615891747, 381652, 9
R, 95, 1615891747 , 443341, 4 
D, 95, 1615891747, 443696, 9 
S, 96, 1615891748, 232228, 9
R, 96, 1615891748 , 293320, 4 
D, 96, 1615891748, 293668, 9 
S, 97, 1615891749, 82834, 9
R, 97, 1615891749 , 143316, 4 
D, 97, 1615891749, 143663, 9 
S, 98, 1615891749, 933406, 9
R, 98, 1615891750 , 3314, 4 
D, 98, 1615891750, 3656, 9 
S, 99, 1615891750, 783955, 9
R, 99, 1615891750 , 853337, 4 
D, 99, 1615891750, 853693, 9 
S, 100, 1615891751, 634549, 9
R, 100, 1615891751 , 703341, 4 
D, 100, 1615891751, 703701, 9 
S, 101, 1615891752, 485128, 9
R, 101, 1615891752 , 553335, 4 
D, 101, 1615891752, 553679, 9 
S, 102, 1615891753, 335695, 9
R, 102, 1615891753 , 403331, 4 
D, 102, 1615891753, 403676, 9 
S, 103, 1615891754, 186274, 9
R, 103, 1615891754 , 253328, 4 
D, 103, 1615891754, 253670, 9 
S, 104, 1615891755, 36836, 9
R, 104, 1615891755 , 103345, 4 
D, 104, 1615891755, 103713, 9 
S, 105, 1615891755, 887427, 9
R, 105, 1615891755 , 953330, 4 
D, 105, 1615891755, 953689, 9 
S, 106, 1615891756, 738079, 9
R, 106, 1615891756 , 803347, 4 
D, 106, 1615891756, 803708, 9 
S, 107, 1615891757, 588647, 9
R, 107, 1615891757 , 653328, 4 
D, 107, 1615891757, 653676, 9 
S, 108, 1615891758, 439221, 9
R, 108, 1615891758 , 503337, 4 
D, 108, 1615891758, 503680, 9 
S, 109, 1615891759, 289788, 9
R, 109, 1615891759 , 353322, 4 
D, 109, 1615891759, 353658, 9 
S, 110, 1615891760, 140338, 9
R, 110, 1615891760 , 203311, 4 
D, 110, 1615891760, 203667, 9 
S, 111, 1615891760, 990897, 9
R, 111, 1615891761 , 53320, 4 
D, 111, 1615891761, 53687, 9 
S, 112, 1615891761, 841525, 9
R, 112, 1615891761 , 903320, 4 
D, 112, 1615891761, 903686, 9 
S, 113, 1615891762, 692152, 9
R, 113, 1615891762 , 753305, 4 
D, 113, 1615891762, 753651, 9 
S, 114, 1615891763, 542718, 9
R, 114, 1615891763 , 603309, 4 
D, 114, 1615891763, 603659, 9 
S, 115, 1615891764, 393341, 9
R, 115, 1615891764 , 463316, 4 
D, 115, 1615891764, 463661, 9 
S, 116, 1615891765, 243899, 9
R, 116, 1615891765 , 313428, 4 
D, 116, 1615891765, 313806, 9 
S, 117, 1615891766, 94467, 9
R, 117, 1615891766 , 163476, 4 
D, 117, 1615891766, 163871, 9 
S, 118, 1615891766, 945092, 9
R, 118, 1615891767 , 13342, 4 
D, 118, 1615891767, 13698, 9 
S, 119, 1615891767, 795679, 9
R, 119, 1615891767 , 863337, 4 
D, 119, 1615891767, 863690, 9 
S, 120, 1615891768, 646253, 9
R, 120, 1615891768 , 713320, 4 
D, 120, 1615891768, 713667, 9 
S, 121, 1615891769, 496826, 9
R, 121, 1615891769 , 563340, 4 
D, 121, 1615891769, 563684, 9 
S, 122, 1615891770, 347380, 9
R, 122, 1615891770 , 413329, 4 
D, 122, 1615891770, 413686, 9 
S, 123, 1615891771, 197996, 9
R, 123, 1615891771 , 263345, 4 
D, 123, 1615891771, 263716, 9 
S, 124, 1615891772, 48644, 9
R, 124, 1615891772 , 113347, 4 
D, 124, 1615891772, 113702, 9 
S, 125, 1615891772, 899238, 9
R, 125, 1615891772 , 963330, 4 
D, 125, 1615891772, 963682, 9 
S, 126, 1615891773, 749816, 9
R, 126, 1615891773 , 813317, 4 
D, 126, 1615891773, 813662, 9 
S, 127, 1615891774, 600388, 9
R, 127, 1615891774 , 663338, 4 
D, 127, 1615891774, 663685, 9 
S, 128, 1615891775, 450949, 9
R, 128, 1615891775 , 513332, 4 
D, 128, 1615891775, 513691, 9 
S, 129, 1615891776, 301609, 9
R, 129, 1615891776 , 363349, 4 
D, 129, 1615891776, 363718, 9 
S, 130, 1615891777, 152228, 9
R, 130, 1615891777 , 223333, 4 
D, 130, 1615891777, 223685, 9 
S, 131, 1615891778, 2818, 9
R, 131, 1615891778 , 63318, 4 
D, 131, 1615891778, 63674, 9 
S, 132, 1615891778, 853360, 9
R, 132, 1615891778 , 913339, 4 
D, 132, 1615891778, 913697, 9 
S, 133, 1615891779, 703956, 9
R, 133, 1615891779 , 773325, 4 
D, 133, 1615891779, 773678, 9 
S, 134, 1615891780, 554517, 9
R, 134, 1615891780 , 623348, 4 
D, 134, 1615891780, 623709, 9 
S, 135, 1615891781, 405137, 9
R, 135, 1615891781 , 473339, 4 
D, 135, 1615891781, 473810, 9 
S, 136, 1615891782, 255758, 9
R, 136, 1615891782 , 323331, 4 
D, 136, 1615891782, 323685, 9 
S, 137, 1615891783, 106353, 9
R, 137, 1615891783 , 173328, 4 
D, 137, 1615891783, 173669, 9 
S, 138, 1615891783, 956903, 9
R, 138, 1615891784 , 23327, 4 
D, 138, 1615891784, 23664, 9 
S, 139, 1615891784, 807474, 9
R, 139, 1615891784 , 873333, 4 
D, 139, 1615891784, 873681, 9 
S, 140, 1615891785, 658033, 9
R, 140, 1615891785 , 723337, 4 
D, 140, 1615891785, 723690, 9 
S, 141, 1615891786, 508657, 9
R, 141, 1615891786 , 573341, 4 
D, 141, 1615891786, 573704, 9 
S, 142, 1615891787, 359288, 9
R, 142, 1615891787 , 423332, 4 
D, 142, 1615891787, 423677, 9 
S, 143, 1615891788, 209865, 9
R, 143, 1615891788 , 273334, 4 
D, 143, 1615891788, 273684, 9 
S, 144, 1615891789, 60424, 9
R, 144, 1615891789 , 123333, 4 
D, 144, 1615891789, 123675, 9 
S, 145, 1615891789, 911003, 9
R, 145, 1615891789 , 973312, 4 
D, 145, 1615891789, 973655, 9 
S, 146, 1615891790, 761563, 9
R, 146, 1615891790 , 823332, 4 
D, 146, 1615891790, 823688, 9 
S, 147, 1615891791, 612186, 9
R, 147, 1615891791 , 673324, 4 
D, 147, 1615891791, 673695, 9 
S, 148, 1615891792, 462809, 9
R, 148, 1615891792 , 523337, 4 
D, 148, 1615891792, 523696, 9 
S, 149, 1615891793, 313389, 9
R, 149, 1615891793 , 383325, 4 
D, 149, 1615891793, 383678, 9 
S, 150, 1615891794, 163968, 9
R, 150, 1615891794 , 233339, 4 
D, 150, 1615891794, 233687, 9 
S, 151, 1615891795, 14530, 9
R, 151, 1615891795 , 83334, 4 
D, 151, 1615891795, 83676, 9 
S, 152, 1615891795, 865091, 9
R, 152, 1615891795 , 933332, 4 
D, 152, 1615891795, 933689, 9 
S, 153, 1615891796, 715723, 9
R, 153, 1615891796 , 783325, 4 
D, 153, 1615891796, 783687, 9 
S, 154, 1615891797, 566288, 9
R, 154, 1615891797 , 633339, 4 
D, 154, 1615891797, 633692, 9 
S, 155, 1615891798, 416876, 9
R, 155, 1615891798 , 483333, 4 
D, 155, 1615891798, 483682, 9 
S, 156, 1615891799, 267447, 9
R, 156, 1615891799 , 333333, 4 
D, 156, 1615891799, 333689, 9 
S, 157, 1615891800, 118021, 9
R, 157, 1615891800 , 183316, 4 
D, 157, 1615891800, 183661, 9 
S, 158, 1615891800, 968584, 9
R, 158, 1615891801 , 33558, 4 
D, 158, 1615891801, 33954, 9 
S, 159, 1615891801, 819232, 9
R, 159, 1615891801 , 893326, 4 
D, 159, 1615891801, 893716, 9 
S, 160, 1615891802, 669863, 9
R, 160, 1615891802 , 733335, 4 
D, 160, 1615891802, 733692, 9 
S, 161, 1615891803, 520449, 9
R, 161, 1615891803 , 583336, 4 
D, 161, 1615891803, 583682, 9 
S, 162, 1615891804, 371028, 9
R, 162, 1615891804 , 433325, 4 
D, 162, 1615891804, 433675, 9 
S, 163, 1615891805, 221589, 9
R, 163, 1615891805 , 293325, 4 
D, 163, 1615891805, 293672, 9 
S, 164, 1615891806, 72662, 9
R, 164, 1615891806 , 143357, 4 
D, 164, 1615891806, 143720, 9 
S, 165, 1615891806, 923313, 9
R, 165, 1615891806 , 993336, 4 
D, 165, 1615891806, 993709, 9 
S, 166, 1615891807, 773931, 9
R, 166, 1615891807 , 843334, 4 
D, 166, 1615891807, 843688, 9 
S, 167, 1615891808, 624509, 9
R, 167, 1615891808 , 693342, 4 
D, 167, 1615891808, 693694, 9 
S, 168, 1615891809, 475079, 9
R, 168, 1615891809 , 543329, 4 
D, 168, 1615891809, 543677, 9 
S, 169, 1615891810, 327158, 9
R, 169, 1615891810 , 393363, 4 
D, 169, 1615891810, 393729, 9 
S, 170, 1615891811, 177766, 9
R, 170, 1615891811 , 253315, 4 
D, 170, 1615891811, 253667, 9 
S, 171, 1615891812, 28345, 9
R, 171, 1615891812 , 93335, 4 
D, 171, 1615891812, 93699, 9 
S, 172, 1615891812, 878947, 9
R, 172, 1615891812 , 943326, 4 
D, 172, 1615891812, 943695, 9 
S, 173, 1615891813, 729536, 9
R, 173, 1615891813 , 793335, 4 
D, 173, 1615891813, 793694, 9 
S, 174, 1615891814, 580100, 9
R, 174, 1615891814 , 643334, 4 
D, 174, 1615891814, 643693, 9 
S, 175, 1615891815, 430719, 9
R, 175, 1615891815 , 493350, 4 
D, 175, 1615891815, 493717, 9 
S, 176, 1615891816, 281363, 9
R, 176, 1615891816 , 343352, 4 
D, 176, 1615891816, 343717, 9 
S, 177, 1615891817, 131982, 9
R, 177, 1615891817 , 203334, 4 
D, 177, 1615891817, 203701, 9 
S, 178, 1615891817, 982565, 9
R, 178, 1615891818 , 43334, 4 
D, 178, 1615891818, 43686, 9 
S, 179, 1615891818, 833206, 9
R, 179, 1615891818 , 903309, 4 
D, 179, 1615891818, 903660, 9 
S, 180, 1615891819, 683776, 9
R, 180, 1615891819 , 753337, 4 
D, 180, 1615891819, 753691, 9 
S, 181, 1615891820, 534358, 9
R, 181, 1615891820 , 603393, 4 
D, 181, 1615891820, 603750, 9 
S, 182, 1615891821, 384983, 9
R, 182, 1615891821 , 453357, 4 
D, 182, 1615891821, 453721, 9 
S, 183, 1615891822, 235601, 9
R, 183, 1615891822 , 303336, 4 
D, 183, 1615891822, 303696, 9 
S, 184, 1615891823, 86178, 9
R, 184, 1615891823 , 153332, 4 
D, 184, 1615891823, 153693, 9 
S, 185, 1615891823, 936754, 9
R, 185, 1615891824 , 3349, 4 
D, 185, 1615891824, 3702, 9 
S, 186, 1615891824, 787341, 9
R, 186, 1615891824 , 853340, 4 
D, 186, 1615891824, 853686, 9 
S, 187, 1615891825, 637929, 9
R, 187, 1615891825 , 703336, 4 
D, 187, 1615891825, 703702, 9 
S, 188, 1615891826, 488524, 9
R, 188, 1615891826 , 553358, 4 
D, 188, 1615891826, 553712, 9 
S, 189, 1615891827, 339145, 9
R, 189, 1615891827 , 403342, 4 
D, 189, 1615891827, 403696, 9 
S, 190, 1615891828, 189714, 9
R, 190, 1615891828 , 253354, 4 
D, 190, 1615891828, 253704, 9 
S, 191, 1615891829, 40308, 9
R, 191, 1615891829 , 103333, 4 
D, 191, 1615891829, 103680, 9 
S, 192, 1615891829, 890861, 9
R, 192, 1615891829 , 953317, 4 
D, 192, 1615891829, 953654, 9 
S, 193, 1615891830, 741399, 9
R, 193, 1615891830 , 803333, 4 
D, 193, 1615891830, 803690, 9 
S, 194, 1615891831, 592025, 9
R, 194, 1615891831 , 653326, 4 
D, 194, 1615891831, 653692, 9 
S, 195, 1615891832, 442643, 9
R, 195, 1615891832 , 503322, 4 
D, 195, 1615891832, 503682, 9 
S, 196, 1615891833, 293276, 9
R, 196, 1615891833 , 363333, 4 
D, 196, 1615891833, 363684, 9 
S, 197, 1615891834, 143870, 9
R, 197, 1615891834 , 213322, 4 
D, 197, 1615891834, 213666, 9 
S, 198, 1615891834, 994416, 9
R, 198, 1615891835 , 63346, 4 
D, 198, 1615891835, 63690, 9 
S, 199, 1615891835, 844975, 9
R, 199, 1615891835 , 913349, 4 
D, 199, 1615891835, 913704, 9 
S, 200, 1615891836, 695602, 9
R, 200, 1615891836 , 763345, 4 
D, 200, 1615891836, 763731, 9 
S, 201, 1615891837, 546242, 9
R, 201, 1615891837 , 613320, 4 
D, 201, 1615891837, 613680, 9 
S, 202, 1615891838, 396822, 9
R, 202, 1615891838 , 463352, 4 
D, 202, 1615891838, 463711, 9 
S, 203, 1615891839, 247417, 9
R, 203, 1615891839 , 313324, 4 
D, 203, 1615891839, 313683, 9 
S, 204, 1615891840, 97974, 9
R, 204, 1615891840 , 163320, 4 
D, 204, 1615891840, 163665, 9 
S, 205, 1615891840, 948532, 9
R, 205, 1615891841 , 13326, 4 
D, 205, 1615891841, 13684, 9 
S, 206, 1615891841, 799111, 9
R, 206, 1615891841 , 863337, 4 
D, 206, 1615891841, 863701, 9 
S, 207, 1615891842, 649702, 9
R, 207, 1615891842 , 713334, 4 
D, 207, 1615891842, 713688, 9 
S, 208, 1615891843, 500280, 9
R, 208, 1615891843 , 563331, 4 
D, 208, 1615891843, 563685, 9 
S, 209, 1615891844, 350867, 9
R, 209, 1615891844 , 413328, 4 
D, 209, 1615891844, 413677, 9 
S, 210, 1615891845, 201428, 9
R, 210, 1615891845 , 273341, 4 
D, 210, 1615891845, 273687, 9 
S, 211, 1615891846, 51991, 9
R, 211, 1615891846 , 113326, 4 
D, 211, 1615891846, 113692, 9 
S, 212, 1615891846, 902620, 9
R, 212, 1615891846 , 963335, 4 
D, 212, 1615891846, 963707, 9 
S, 213, 1615891847, 753307, 9
R, 213, 1615891847 , 813322, 4 
D, 213, 1615891847, 813687, 9 
S, 214, 1615891848, 603874, 9
R, 214, 1615891848 , 673345, 4 
D, 214, 1615891848, 673714, 9 
S, 215, 1615891849, 454451, 9
R, 215, 1615891849 , 523336, 4 
D, 215, 1615891849, 523686, 9 
S, 216, 1615891850, 305024, 9
R, 216, 1615891850 , 373424, 4 
D, 216, 1615891850, 373799, 9 
S, 217, 1615891851, 155574, 9
R, 217, 1615891851 , 223325, 4 
D, 217, 1615891851, 223674, 9 
S, 218, 1615891852, 6170, 9
R, 218, 1615891852 , 73355, 4 
D, 218, 1615891852, 73712, 9 
S, 219, 1615891852, 856784, 9
R, 219, 1615891852 , 923320, 4 
D, 219, 1615891852, 923680, 9 
S, 220, 1615891853, 707358, 9
R, 220, 1615891853 , 773344, 4 
D, 220, 1615891853, 773706, 9 
S, 221, 1615891854, 557934, 9
R, 221, 1615891854 , 623324, 4 
D, 221, 1615891854, 623700, 9 
S, 222, 1615891855, 408516, 9
R, 222, 1615891855 , 483352, 4 
D, 222, 1615891855, 483710, 9 
S, 223, 1615891856, 259146, 9
R, 223, 1615891856 , 323350, 4 
D, 223, 1615891856, 323701, 9 
S, 224, 1615891857, 109722, 9
R, 224, 1615891857 , 173331, 4 
D, 224, 1615891857, 173797, 9 
S, 225, 1615891857, 960375, 9
R, 225, 1615891858 , 23344, 4 
D, 225, 1615891858, 23682, 9 
S, 226, 1615891858, 810950, 9
R, 226, 1615891858 , 883336, 4 
D, 226, 1615891858, 883679, 9 
S, 227, 1615891859, 661510, 9
R, 227, 1615891859 , 723318, 4 
D, 227, 1615891859, 723670, 9 
S, 228, 1615891860, 512233, 9
R, 228, 1615891860 , 573390, 4 
D, 228, 1615891860, 573747, 9 
S, 229, 1615891861, 362922, 9
R, 229, 1615891861 , 433446, 4 
D, 229, 1615891861, 433815, 9 
S, 230, 1615891862, 213595, 9
R, 230, 1615891862 , 283350, 4 
D, 230, 1615891862, 283706, 9 
S, 231, 1615891863, 64171, 9
R, 231, 1615891863 , 133338, 4 
D, 231, 1615891863, 133682, 9 
S, 232, 1615891863, 914739, 9
R, 232, 1615891863 , 983342, 4 
D, 232, 1615891863, 983701, 9 
S, 233, 1615891864, 765314, 9
R, 233, 1615891864 , 833329, 4 
D, 233, 1615891864, 833683, 9 
S, 234, 1615891865, 615890, 9
R, 234, 1615891865 , 683344, 4 
D, 234, 1615891865, 683699, 9 
S, 235, 1615891866, 466538, 9
R, 235, 1615891866 , 533336, 4 
D, 235, 1615891866, 533703, 9 
S, 236, 1615891867, 317152, 9
R, 236, 1615891867 , 383305, 4 
D, 236, 1615891867, 383649, 9 
S, 237, 1615891868, 167722, 9
R, 237, 1615891868 , 233342, 4 
D, 237, 1615891868, 233688, 9 
S, 238, 1615891869, 18288, 9
R, 238, 1615891869 , 83317, 4 
D, 238, 1615891869, 83663, 9 
S, 239, 1615891869, 868862, 9
R, 239, 1615891869 , 933314, 4 
D, 239, 1615891869, 933675, 9 
S, 240, 1615891870, 719438, 9
R, 240, 1615891870 , 783343, 4 
D, 240, 1615891870, 783721, 9 
S, 241, 1615891871, 570063, 9
R, 241, 1615891871 , 633423, 4 
D, 241, 1615891871, 633796, 9 
S, 242, 1615891872, 420682, 9
R, 242, 1615891872 , 483339, 4 
D, 242, 1615891872, 483687, 9 
S, 243, 1615891873, 271259, 9
R, 243, 1615891873 , 333323, 4 
D, 243, 1615891873, 333671, 9 
S, 244, 1615891874, 121837, 9
R, 244, 1615891874 , 183342, 4 
D, 244, 1615891874, 183698, 9 
S, 245, 1615891874, 972413, 9
R, 245, 1615891875 , 33335, 4 
D, 245, 1615891875, 33690, 9 
S, 246, 1615891875, 823123, 9
R, 246, 1615891875 , 883351, 4 
D, 246, 1615891875, 883727, 9 
S, 247, 1615891876, 673759, 9
R, 247, 1615891876 , 743337, 4 
D, 247, 1615891876, 743696, 9 
S, 248, 1615891877, 524330, 9
R, 248, 1615891877 , 593334, 4 
D, 248, 1615891877, 593681, 9 
S, 249, 1615891878, 374899, 9
R, 249, 1615891878 , 443328, 4 
D, 249, 1615891878, 443678, 9 
S, 250, 1615891879, 225475, 9
R, 250, 1615891879 , 293337, 4 
D, 250, 1615891879, 293687, 9 
S, 251, 1615891880, 76040, 9
R, 251, 1615891880 , 143321, 4 
D, 251, 1615891880, 143671, 9 
S, 252, 1615891880, 926617, 9
R, 252, 1615891880 , 993340, 4 
D, 252, 1615891880, 993709, 9 
S, 253, 1615891881, 777192, 9
R, 253, 1615891881 , 843344, 4 
D, 253, 1615891881, 843700, 9 
S, 254, 1615891882, 627813, 9
R, 254, 1615891882 , 693332, 4 
D, 254, 1615891882, 693685, 9 
S, 255, 1615891883, 478385, 9
R, 255, 1615891883 , 543334, 4 
D, 255, 1615891883, 543683, 9 
S, 256, 1615891884, 328968, 9
R, 256, 1615891884 , 393335, 4 
D, 256, 1615891884, 393690, 9 
S, 257, 1615891885, 179535, 9
R, 257, 1615891885 , 243339, 4 
D, 257, 1615891885, 243690, 9 
S, 258, 1615891886, 30087, 9
R, 258, 1615891886 , 93341, 4 
D, 258, 1615891886, 93704, 9 
S, 259, 1615891886, 880705, 9
R, 259, 1615891886 , 943332, 4 
D, 259, 1615891886, 943700, 9 
S, 260, 1615891887, 731343, 9
R, 260, 1615891887 , 793306, 4 
D, 260, 1615891887, 793655, 9 
S, 261, 1615891888, 581913, 9
R, 261, 1615891888 , 643342, 4 
D, 261, 1615891888, 643703, 9 
S, 262, 1615891889, 432498, 9
R, 262, 1615891889 , 493312, 4 
D, 262, 1615891889, 493668, 9 
S, 263, 1615891890, 283163, 9
R, 263, 1615891890 , 343321, 4 
D, 263, 1615891890, 343664, 9 
S, 264, 1615891891, 133708, 9
R, 264, 1615891891 , 203335, 4 
D, 264, 1615891891, 203698, 9 
S, 265, 1615891891, 984324, 9
R, 265, 1615891892 , 53339, 4 
D, 265, 1615891892, 53702, 9 
S, 266, 1615891892, 834947, 9
R, 266, 1615891892 , 903322, 4 
D, 266, 1615891892, 903665, 9 
S, 267, 1615891893, 685528, 9
R, 267, 1615891893 , 753334, 4 
D, 267, 1615891893, 753681, 9 
S, 268, 1615891894, 536099, 9
R, 268, 1615891894 , 603328, 4 
D, 268, 1615891894, 603789, 9 
S, 269, 1615891895, 386656, 9
R, 269, 1615891895 , 453415, 4 
D, 269, 1615891895, 453794, 9 
S, 270, 1615891896, 237209, 9
R, 270, 1615891896 , 303320, 4 
D, 270, 1615891896, 303667, 9 
S, 271, 1615891897, 87787, 9
R, 271, 1615891897 , 153343, 4 
D, 271, 1615891897, 153706, 9 
S, 272, 1615891897, 938429, 9
R, 272, 1615891898 , 3352, 4 
D, 272, 1615891898, 3699, 9 
S, 273, 1615891898, 788985, 9
R, 273, 1615891898 , 853314, 4 
D, 273, 1615891898, 853663, 9 
S, 274, 1615891899, 639563, 9
R, 274, 1615891899 , 703332, 4 
D, 274, 1615891899, 703670, 9 
S, 275, 1615891900, 490123, 9
R, 275, 1615891900 , 553341, 4 
D, 275, 1615891900, 553701, 9 
S, 276, 1615891901, 340728, 9
R, 276, 1615891901 , 403317, 4 
D, 276, 1615891901, 403670, 9 
S, 277, 1615891902, 191318, 9
R, 277, 1615891902 , 253326, 4 
D, 277, 1615891902, 253716, 9 
S, 278, 1615891903, 41912, 9
R, 278, 1615891903 , 103319, 4 
D, 278, 1615891903, 103674, 9 
S, 279, 1615891903, 892488, 9
R, 279, 1615891903 , 953336, 4 
D, 279, 1615891903, 953693, 9 
S, 280, 1615891904, 743144, 9
R, 280, 1615891904 , 803321, 4 
D, 280, 1615891904, 803670, 9 
S, 281, 1615891905, 593721, 9
R, 281, 1615891905 , 663340, 4 
D, 281, 1615891905, 663699, 9 
S, 282, 1615891906, 444341, 9
R, 282, 1615891906 , 513452, 4 
D, 282, 1615891906, 513833, 9 
S, 283, 1615891907, 294911, 9
R, 283, 1615891907 , 363358, 4 
D, 283, 1615891907, 363734, 9 
S, 284, 1615891908, 145517, 9
R, 284, 1615891908 , 213341, 4 
D, 284, 1615891908, 213685, 9 
S, 285, 1615891908, 996081, 9
R, 285, 1615891909 , 63346, 4 
D, 285, 1615891909, 63708, 9 
S, 286, 1615891909, 846614, 9
R, 286, 1615891909 , 913328, 4 
D, 286, 1615891909, 913676, 9 
S, 287, 1615891910, 697196, 9
R, 287, 1615891910 , 763349, 4 
D, 287, 1615891910, 763712, 9 
S, 288, 1615891911, 547810, 9
R, 288, 1615891911 , 613339, 4 
D, 288, 1615891911, 613700, 9 
S, 289, 1615891912, 398429, 9
R, 289, 1615891912 , 463320, 4 
D, 289, 1615891912, 463681, 9 
S, 290, 1615891913, 249007, 9
R, 290, 1615891913 , 313334, 4 
D, 290, 1615891913, 313691, 9 
S, 291, 1615891914, 99596, 9
R, 291, 1615891914 , 163343, 4 
D, 291, 1615891914, 163685, 9 
S, 292, 1615891914, 950157, 9
R, 292, 1615891915 , 13317, 4 
D, 292, 1615891915, 13661, 9 
S, 293, 1615891915, 800716, 9
R, 293, 1615891915 , 863325, 4 
D, 293, 1615891915, 863683, 9 
S, 294, 1615891916, 651336, 9
R, 294, 1615891916 , 713343, 4 
D, 294, 1615891916, 713713, 9 
S, 295, 1615891917, 501951, 9
R, 295, 1615891917 , 563332, 4 
D, 295, 1615891917, 563695, 9 
S, 296, 1615891918, 352538, 9
R, 296, 1615891918 , 423320, 4 
D, 296, 1615891918, 423670, 9 
S, 297, 1615891919, 203173, 9
R, 297, 1615891919 , 273355, 4 
D, 297, 1615891919, 273706, 9 
S, 298, 1615891920, 53737, 9
R, 298, 1615891920 , 123325, 4 
D, 298, 1615891920, 123666, 9 
S, 299, 1615891920, 904311, 9
R, 299, 1615891920 , 973344, 4 
D, 299, 1615891920, 973706, 9 
S, 300, 1615891921, 762937, 9
R, 300, 1615891921 , 823332, 4 
D, 300, 1615891921, 823704, 9 
S, 301, 1615891922, 613576, 9
R, 301, 1615891922 , 673333, 4 
D, 301, 1615891922, 673692, 9 
S, 302, 1615891923, 464147, 9
R, 302, 1615891923 , 533332, 4 
D, 302, 1615891923, 533683, 9 
S, 303, 1615891924, 314723, 9
R, 303, 1615891924 , 383322, 4 
D, 303, 1615891924, 383668, 9 
S, 304, 1615891925, 165291, 9
R, 304, 1615891925 , 233340, 4 
D, 304, 1615891925, 233683, 9 
S, 305, 1615891926, 15848, 9
R, 305, 1615891926 , 83355, 4 
D, 305, 1615891926, 83714, 9 
S, 306, 1615891926, 866475, 9
R, 306, 1615891926 , 933338, 4 
D, 306, 1615891926, 933698, 9 
S, 307, 1615891927, 717100, 9
R, 307, 1615891927 , 783319, 4 
D, 307, 1615891927, 783680, 9 
S, 308, 1615891928, 567681, 9
R, 308, 1615891928 , 633342, 4 
D, 308, 1615891928, 633699, 9 
S, 309, 1615891929, 418263, 9
R, 309, 1615891929 , 483330, 4 
D, 309, 1615891929, 483683, 9 
S, 310, 1615891930, 268835, 9
R, 310, 1615891930 , 333339, 4 
D, 310, 1615891930, 333684, 9 
S, 311, 1615891931, 119397, 9
R, 311, 1615891931 , 183342, 4 
D, 311, 1615891931, 183705, 9 
S, 312, 1615891931, 970025, 9
R, 312, 1615891932 , 33344, 4 
D, 312, 1615891932, 33823, 9 
S, 313, 1615891932, 820661, 9
R, 313, 1615891932 , 883309, 4 
D, 313, 1615891932, 883688, 9 
S, 314, 1615891933, 671280, 9
R, 314, 1615891933 , 733315, 4 
D, 314, 1615891933, 733677, 9 
S, 315, 1615891934, 521872, 9
R, 315, 1615891934 , 583377, 4 
D, 315, 1615891934, 583739, 9 
S, 316, 1615891935, 372483, 9
R, 316, 1615891935 , 443337, 4 
D, 316, 1615891935, 443691, 9 
S, 317, 1615891936, 223154, 9
R, 317, 1615891936 , 293336, 4 
D, 317, 1615891936, 293701, 9 
S, 318, 1615891937, 73752, 9
R, 318, 1615891937 , 143355, 4 
D, 318, 1615891937, 143717, 9 
S, 319, 1615891937, 924378, 9
R, 319, 1615891937 , 993341, 4 
D, 319, 1615891937, 993701, 9 
S, 320, 1615891938, 774971, 9
R, 320, 1615891938 , 843343, 4 
D, 320, 1615891938, 843695, 9 
S, 321, 1615891939, 625555, 9
R, 321, 1615891939 , 693320, 4 
D, 321, 1615891939, 693672, 9 
S, 322, 1615891940, 476124, 9
R, 322, 1615891940 , 543334, 4 
D, 322, 1615891940, 543704, 9 
S, 323, 1615891941, 326735, 9
R, 323, 1615891941 , 393339, 4 
D, 323, 1615891941, 393694, 9 
S, 324, 1615891942, 177307, 9
R, 324, 1615891942 , 253336, 4 
D, 324, 1615891942, 253697, 9 
S, 325, 1615891943, 27927, 9
R, 325, 1615891943 , 93313, 4 
D, 325, 1615891943, 93675, 9 
S, 326, 1615891943, 878524, 9
R, 326, 1615891943 , 943339, 4 
D, 326, 1615891943, 943693, 9 
S, 327, 1615891944, 729111, 9
R, 327, 1615891944 , 793334, 4 
D, 327, 1615891944, 793694, 9 
S, 328, 1615891945, 579703, 9
R, 328, 1615891945 , 643342, 4 
D, 328, 1615891945, 643696, 9 
S, 329, 1615891946, 430311, 9
R, 329, 1615891946 , 493355, 4 
D, 329, 1615891946, 493707, 9 
S, 330, 1615891947, 280880, 9
R, 330, 1615891947 , 343323, 4 
D, 330, 1615891947, 343686, 9 
S, 331, 1615891948, 131508, 9
R, 331, 1615891948 , 193329, 4 
D, 331, 1615891948, 193695, 9 
S, 332, 1615891948, 982086, 9
R, 332, 1615891949 , 43331, 4 
D, 332, 1615891949, 43685, 9 
S, 333, 1615891949, 832672, 9
R, 333, 1615891949 , 903340, 4 
D, 333, 1615891949, 903689, 9 
S, 334, 1615891950, 683292, 9
R, 334, 1615891950 , 753348, 4 
D, 334, 1615891950, 753714, 9 
S, 335, 1615891951, 533903, 9
R, 335, 1615891951 , 603339, 4 
D, 335, 1615891951, 603680, 9 
S, 336, 1615891952, 384460, 9
R, 336, 1615891952 , 453342, 4 
D, 336, 1615891952, 453704, 9 
S, 337, 1615891953, 235058, 9
R, 337, 1615891953 , 303329, 4 
D, 337, 1615891953, 303691, 9 
S, 338, 1615891954, 85650, 9
R, 338, 1615891954 , 153340, 4 
D, 338, 1615891954, 153686, 9 
S, 339, 1615891954, 936204, 9
R, 339, 1615891955 , 3324, 4 
D, 339, 1615891955, 3670, 9 
S, 340, 1615891955, 786772, 9
R, 340, 1615891955 , 853346, 4 
D, 340, 1615891955, 853713, 9 
S, 341, 1615891956, 637391, 9
R, 341, 1615891956 , 703341, 4 
D, 341, 1615891956, 703708, 9 
S, 342, 1615891957, 488000, 9
R, 342, 1615891957 , 553341, 4 
D, 342, 1615891957, 553695, 9 
S, 343, 1615891958, 338574, 9
R, 343, 1615891958 , 403335, 4 
D, 343, 1615891958, 403690, 9 
S, 344, 1615891959, 189147, 9
R, 344, 1615891959 , 253323, 4 
D, 344, 1615891959, 253674, 9 
S, 345, 1615891960, 39729, 9
R, 345, 1615891960 , 103334, 4 
D, 345, 1615891960, 103695, 9 
S, 346, 1615891960, 890291, 9
R, 346, 1615891960 , 953323, 4 
D, 346, 1615891960, 953679, 9 
S, 347, 1615891961, 740864, 9
R, 347, 1615891961 , 803346, 4 
D, 347, 1615891961, 803707, 9 
S, 348, 1615891962, 591476, 9
R, 348, 1615891962 , 653314, 4 
D, 348, 1615891962, 653669, 9 
S, 349, 1615891963, 442045, 9
R, 349, 1615891963 , 513324, 4 
D, 349, 1615891963, 513677, 9 
S, 350, 1615891964, 292628, 9
R, 350, 1615891964 , 363334, 4 
D, 350, 1615891964, 363677, 9 
S, 351, 1615891965, 143256, 9
R, 351, 1615891965 , 213353, 4 
D, 351, 1615891965, 213710, 9 
S, 352, 1615891965, 993822, 9
R, 352, 1615891966 , 63337, 4 
D, 352, 1615891966, 63695, 9 
S, 353, 1615891966, 844435, 9
R, 353, 1615891966 , 913363, 4 
D, 353, 1615891966, 913728, 9 
S, 354, 1615891967, 695052, 9
R, 354, 1615891967 , 763337, 4 
D, 354, 1615891967, 763687, 9 
S, 355, 1615891968, 545636, 9
R, 355, 1615891968 , 613342, 4 
D, 355, 1615891968, 613725, 9 
S, 356, 1615891969, 396227, 9
R, 356, 1615891969 , 463345, 4 
D, 356, 1615891969, 463804, 9 
S, 357, 1615891970, 246816, 9
R, 357, 1615891970 , 313343, 4 
D, 357, 1615891970, 313689, 9 
S, 358, 1615891971, 97378, 9
R, 358, 1615891971 , 163320, 4 
D, 358, 1615891971, 163670, 9 
S, 359, 1615891971, 947999, 9
R, 359, 1615891972 , 13331, 4 
D, 359, 1615891972, 13688, 9 
S, 360, 1615891972, 798618, 9
R, 360, 1615891972 , 863336, 4 
D, 360, 1615891972, 863678, 9 
S, 361, 1615891973, 649194, 9
R, 361, 1615891973 , 713318, 4 
D, 361, 1615891973, 713674, 9 
S, 362, 1615891974, 499778, 9
R, 362, 1615891974 , 563341, 4 
D, 362, 1615891974, 563687, 9 
S, 363, 1615891975, 350350, 9
R, 363, 1615891975 , 413313, 4 
D, 363, 1615891975, 413657, 9 
S, 364, 1615891976, 200914, 9
R, 364, 1615891976 , 273347, 4 
D, 364, 1615891976, 273700, 9 
S, 365, 1615891977, 51536, 9
R, 365, 1615891977 , 113332, 4 
D, 365, 1615891977, 113702, 9 
S, 366, 1615891977, 902191, 9
R, 366, 1615891977 , 963335, 4 
D, 366, 1615891977, 963680, 9 
S, 367, 1615891978, 752775, 9
R, 367, 1615891978 , 813314, 4 
D, 367, 1615891978, 813673, 9 
S, 368, 1615891979, 603353, 9
R, 368, 1615891979 , 673341, 4 
D, 368, 1615891979, 673690, 9 
S, 369, 1615891980, 453929, 9
R, 369, 1615891980 , 523415, 4 
D, 369, 1615891980, 523787, 9 
S, 370, 1615891981, 304491, 9
R, 370, 1615891981 , 373360, 4 
D, 370, 1615891981, 373726, 9 
S, 371, 1615891982, 155166, 9
R, 371, 1615891982 , 223340, 4 
D, 371, 1615891982, 223699, 9 
S, 372, 1615891983, 5759, 9
R, 372, 1615891983 , 73345, 4 
D, 372, 1615891983, 73686, 9 
S, 373, 1615891983, 856331, 9
R, 373, 1615891983 , 923318, 4 
D, 373, 1615891983, 923665, 9 
S, 374, 1615891984, 706903, 9
R, 374, 1615891984 , 773324, 4 
D, 374, 1615891984, 773678, 9 
S, 375, 1615891985, 557481, 9
R, 375, 1615891985 , 623355, 4 
D, 375, 1615891985, 623706, 9 
S, 376, 1615891986, 408097, 9
R, 376, 1615891986 , 473321, 4 
D, 376, 1615891986, 473668, 9 
S, 377, 1615891987, 258660, 9
R, 377, 1615891987 , 323342, 4 
D, 377, 1615891987, 323696, 9 
S, 378, 1615891988, 109288, 9
R, 378, 1615891988 , 173344, 4 
D, 378, 1615891988, 173688, 9 
S, 379, 1615891988, 959857, 9
R, 379, 1615891989 , 23334, 4 
D, 379, 1615891989, 23692, 9 
S, 380, 1615891989, 810443, 9
R, 380, 1615891989 , 873331, 4 
D, 380, 1615891989, 873677, 9 
S, 381, 1615891990, 661031, 9
R, 381, 1615891990 , 723341, 4 
D, 381, 1615891990, 723709, 9 
S, 382, 1615891991, 511649, 9
R, 382, 1615891991 , 573313, 4 
D, 382, 1615891991, 573664, 9 
S, 383, 1615891992, 362198, 9
R, 383, 1615891992 , 423339, 4 
D, 383, 1615891992, 423693, 9 
S, 384, 1615891993, 212827, 9
R, 384, 1615891993 , 273320, 4 
D, 384, 1615891993, 273672, 9 
S, 385, 1615891994, 63403, 9
R, 385, 1615891994 , 133319, 4 
D, 385, 1615891994, 133675, 9 
S, 386, 1615891994, 913965, 9
R, 386, 1615891994 , 983335, 4 
D, 386, 1615891994, 983697, 9 
S, 387, 1615891995, 764590, 9
R, 387, 1615891995 , 833335, 4 
D, 387, 1615891995, 833688, 9 
S, 388, 1615891996, 615211, 9
R, 388, 1615891996 , 683324, 4 
D, 388, 1615891996, 683660, 9 
S, 389, 1615891997, 465778, 9
R, 389, 1615891997 , 533337, 4 
D, 389, 1615891997, 533691, 9 
S, 390, 1615891998, 316385, 9
R, 390, 1615891998 , 383322, 4 
D, 390, 1615891998, 383666, 9 
S, 391, 1615891999, 166942, 9
R, 391, 1615891999 , 233336, 4 
D, 391, 1615891999, 233720, 9 
S, 392, 1615892000, 17509, 9
R, 392, 1615892000 , 83336, 4 
D, 392, 1615892000, 83688, 9 
S, 393, 1615892000, 868083, 9
R, 393, 1615892000 , 933336, 4 
D, 393, 1615892000, 933709, 9 
S, 394, 1615892001, 718708, 9
R, 394, 1615892001 , 783397, 4 
D, 394, 1615892001, 783768, 9 
S, 395, 1615892002, 569261, 9
R, 395, 1615892002 , 633336, 4 
D, 395, 1615892002, 633687, 9 
S, 396, 1615892003, 419814, 9
R, 396, 1615892003 , 483334, 4 
D, 396, 1615892003, 483681, 9 
S, 397, 1615892004, 270384, 9
R, 397, 1615892004 , 333320, 4 
D, 397, 1615892004, 333677, 9 
S, 398, 1615892005, 120942, 9
R, 398, 1615892005 , 183326, 4 
D, 398, 1615892005, 183706, 9 
S, 399, 1615892005, 971540, 9
R, 399, 1615892006 , 33346, 4 
D, 399, 1615892006, 33701, 9 
S, 400, 1615892006, 822166, 9
R, 400, 1615892006 , 883319, 4 
D, 400, 1615892006, 883677, 9 
S, 401, 1615892007, 672785, 9
R, 401, 1615892007 , 733311, 4 
D, 401, 1615892007, 733675, 9 
S, 402, 1615892008, 523347, 9
R, 402, 1615892008 , 593336, 4 
D, 402, 1615892008, 593678, 9 
S, 403, 1615892009, 373907, 9
R, 403, 1615892009 , 443321, 4 
D, 403, 1615892009, 443675, 9 
S, 404, 1615892010, 224473, 9
R, 404, 1615892010 , 293330, 4 
D, 404, 1615892010, 293680, 9 
S, 405, 1615892011, 75042, 9
R, 405, 1615892011 , 143340, 4 
D, 405, 1615892011, 143705, 9 
S, 406, 1615892011, 925675, 9
R, 406, 1615892011 , 993345, 4 
D, 406, 1615892011, 993700, 9 
S, 407, 1615892012, 776285, 9
R, 407, 1615892012 , 843324, 4 
D, 407, 1615892012, 843663, 9 
S, 408, 1615892013, 626852, 9
R, 408, 1615892013 , 693321, 4 
D, 408, 1615892013, 693661, 9 
S, 409, 1615892014, 477427, 9
R, 409, 1615892014 , 543336, 4 
D, 409, 1615892014, 543687, 9 
S, 410, 1615892015, 328009, 9
R, 410, 1615892015 , 393353, 4 
D, 410, 1615892015, 393720, 9 
S, 411, 1615892016, 178587, 9
R, 411, 1615892016 , 243347, 4 
D, 411, 1615892016, 243708, 9 
S, 412, 1615892017, 29218, 9
R, 412, 1615892017 , 93315, 4 
D, 412, 1615892017, 93686, 9 
S, 413, 1615892017, 879842, 9
R, 413, 1615892017 , 943329, 4 
D, 413, 1615892017, 943669, 9 
S, 414, 1615892018, 730412, 9
R, 414, 1615892018 , 793329, 4 
D, 414, 1615892018, 793668, 9 
S, 415, 1615892019, 580980, 9
R, 415, 1615892019 , 643329, 4 
D, 415, 1615892019, 643668, 9 
S, 416, 1615892020, 431555, 9
R, 416, 1615892020 , 493314, 4 
D, 416, 1615892020, 493666, 9 
S, 417, 1615892021, 283792, 9
R, 417, 1615892021 , 353340, 4 
D, 417, 1615892021, 353721, 9 
S, 418, 1615892022, 134394, 9
R, 418, 1615892022 , 203346, 4 
D, 418, 1615892022, 203698, 9 
S, 419, 1615892022, 985009, 9
R, 419, 1615892023 , 53324, 4 
D, 419, 1615892023, 53670, 9 
S, 420, 1615892023, 835568, 9
R, 420, 1615892023 , 903319, 4 
D, 420, 1615892023, 903665, 9 
S, 421, 1615892024, 686144, 9
R, 421, 1615892024 , 753352, 4 
D, 421, 1615892024, 753706, 9 
S, 422, 1615892025, 538219, 9
R, 422, 1615892025 , 603361, 4 
D, 422, 1615892025, 603717, 9 
S, 423, 1615892026, 388827, 9
R, 423, 1615892026 , 453316, 4 
D, 423, 1615892026, 453672, 9 
S, 424, 1615892027, 239388, 9
R, 424, 1615892027 , 303355, 4 
D, 424, 1615892027, 303716, 9 
S, 425, 1615892028, 90013, 9
R, 425, 1615892028 , 153333, 4 
D, 425, 1615892028, 153677, 9 
S, 426, 1615892028, 940585, 9
R, 426, 1615892029 , 3320, 4 
D, 426, 1615892029, 3671, 9 
S, 427, 1615892029, 791173, 9
R, 427, 1615892029 , 853319, 4 
D, 427, 1615892029, 853691, 9 
S, 428, 1615892030, 641799, 9
R, 428, 1615892030 , 703322, 4 
D, 428, 1615892030, 703678, 9 
S, 429, 1615892031, 492414, 9
R, 429, 1615892031 , 563335, 4 
D, 429, 1615892031, 563687, 9 
S, 430, 1615892032, 343055, 9
R, 430, 1615892032 , 403334, 4 
D, 430, 1615892032, 403702, 9 
S, 431, 1615892033, 193677, 9
R, 431, 1615892033 , 263332, 4 
D, 431, 1615892033, 263682, 9 
S, 432, 1615892034, 44255, 9
R, 432, 1615892034 , 113321, 4 
D, 432, 1615892034, 113669, 9 
S, 433, 1615892034, 894819, 9
R, 433, 1615892034 , 963320, 4 
D, 433, 1615892034, 963664, 9 
S, 434, 1615892035, 745373, 9
R, 434, 1615892035 , 813384, 4 
D, 434, 1615892035, 813747, 9 
S, 435, 1615892036, 595981, 9
R, 435, 1615892036 , 663328, 4 
D, 435, 1615892036, 663683, 9 
S, 436, 1615892037, 446539, 9
R, 436, 1615892037 , 513349, 4 
D, 436, 1615892037, 513714, 9 
S, 437, 1615892038, 297167, 9
R, 437, 1615892038 , 363316, 4 
D, 437, 1615892038, 363674, 9 
S, 438, 1615892039, 147756, 9
R, 438, 1615892039 , 213318, 4 
D, 438, 1615892039, 213667, 9 
S, 439, 1615892039, 998327, 9
R, 439, 1615892040 , 63331, 4 
D, 439, 1615892040, 63677, 9 
S, 440, 1615892040, 848896, 9
R, 440, 1615892040 , 913339, 4 
D, 440, 1615892040, 913699, 9 
S, 441, 1615892041, 699523, 9
R, 441, 1615892041 , 763363, 4 
D, 441, 1615892041, 763737, 9 
S, 442, 1615892042, 550228, 9
R, 442, 1615892042 , 613344, 4 
D, 442, 1615892042, 613714, 9 
S, 443, 1615892043, 400852, 9
R, 443, 1615892043 , 473328, 4 
D, 443, 1615892043, 473674, 9 
S, 444, 1615892044, 251432, 9
R, 444, 1615892044 , 313332, 4 
D, 444, 1615892044, 313684, 9 
S, 445, 1615892045, 101990, 9
R, 445, 1615892045 , 163323, 4 
D, 445, 1615892045, 163782, 9 
S, 446, 1615892045, 952549, 9
R, 446, 1615892046 , 13354, 4 
D, 446, 1615892046, 13719, 9 
S, 447, 1615892046, 803220, 9
R, 447, 1615892046 , 873435, 4 
D, 447, 1615892046, 873817, 9 
S, 448, 1615892047, 653791, 9
R, 448, 1615892047 , 723339, 4 
D, 448, 1615892047, 723708, 9 
S, 449, 1615892048, 504378, 9
R, 449, 1615892048 , 573382, 4 
D, 449, 1615892048, 573736, 9 
S, 450, 1615892049, 354957, 9
R, 450, 1615892049 , 423325, 4 
D, 450, 1615892049, 423674, 9 
S, 451, 1615892050, 205516, 9
R, 451, 1615892050 , 273319, 4 
D, 451, 1615892050, 273666, 9 
S, 452, 1615892051, 56083, 9
R, 452, 1615892051 , 123336, 4 
D, 452, 1615892051, 123700, 9 
S, 453, 1615892051, 906707, 9
R, 453, 1615892051 , 973341, 4 
D, 453, 1615892051, 973696, 9 
S, 454, 1615892052, 757311, 9
R, 454, 1615892052 , 823328, 4 
D, 454, 1615892052, 823673, 9 
S, 455, 1615892053, 607885, 9
R, 455, 1615892053 , 673333, 4 
D, 455, 1615892053, 673675, 9 
S, 456, 1615892054, 458465, 9
R, 456, 1615892054 , 523375, 4 
D, 456, 1615892054, 523732, 9 
S, 457, 1615892055, 309022, 9
R, 457, 1615892055 , 373307, 4 
D, 457, 1615892055, 373656, 9 
S, 458, 1615892056, 159611, 9
R, 458, 1615892056 , 223368, 4 
D, 458, 1615892056, 223723, 9 
S, 459, 1615892057, 10228, 9
R, 459, 1615892057 , 73338, 4 
D, 459, 1615892057, 73690, 9 
S, 460, 1615892057, 860838, 9
S, 461, 1615892068, 620478, 9
S, 462, 1615892069, 370623, 9
S, 463, 1615892070, 120742, 9
S, 464, 1615892070, 870863, 9
S, 465, 1615892071, 621014, 9
S, 466, 1615892072, 371150, 9
S, 467, 1615892073, 121292, 9
S, 468, 1615892073, 871425, 9
S, 469, 1615892074, 621546, 9
S, 470, 1615892075, 371654, 9
S, 471, 1615892076, 121771, 9
S, 472, 1615892076, 871908, 9
S, 473, 1615892077, 622032, 9
S, 474, 1615892078, 372168, 9
S, 475, 1615892079, 122289, 9
S, 476, 1615892079, 872407, 9
S, 477, 1615892080, 622532, 9
S, 478, 1615892081, 372663, 9
S, 479, 1615892082, 122792, 9
S, 480, 1615892082, 872930, 9
S, 481, 1615892083, 623053, 9
S, 482, 1615892084, 373166, 9
S, 483, 1615892085, 123283, 9
S, 484, 1615892085, 873405, 9
S, 485, 1615892086, 623539, 9
S, 486, 1615892087, 373663, 9
S, 487, 1615892088, 123806, 9
S, 488, 1615892088, 873929, 9
S, 489, 1615892089, 624049, 9
S, 490, 1615892090, 374182, 9
S, 491, 1615892091, 124319, 9
S, 492, 1615892091, 874465, 9
S, 493, 1615892092, 624610, 9
S, 494, 1615892093, 374751, 9
S, 495, 1615892094, 124888, 9
S, 496, 1615892094, 875007, 9
S, 497, 1615892095, 625131, 9
S, 498, 1615892096, 375261, 9
S, 499, 1615892097, 125394, 9
